page,index_name,position,reference,paragraph
4,"Fiesole, Andrea da (Andrea Ferrucci)","(972, 975)",his,2
4,"Fiesole, Andrea da (Andrea Ferrucci)","(1087, 1089)",he,2
4,"Fiesole, Andrea da (Andrea Ferrucci)","(1141, 1143)",he,2
4,"Fiesole, Andrea da (Andrea Ferrucci)","(1172, 1175)",his,2
4,"Fiesole, Andrea da (Andrea Ferrucci)","(1209, 1211)",he,2
4,"Fiesole, Andrea da (Andrea Ferrucci)","(1216, 1223)",himself,2
4,"Fiesole, Andrea da (Andrea Ferrucci)","(1292, 1294)",he,2
4,"Fiesole, Andrea da (Andrea Ferrucci)","(1304, 1307)",his,2
4,"Fiesole, Andrea da (Andrea Ferrucci)","(1434, 1436)",he,2
4,"Fiesole, Andrea da (Andrea Ferrucci)","(1508, 1511)",his,2
4,"Fiesole, Andrea da (Andrea Ferrucci)","(1519, 1521)",he,2
4,"Fiesole, Andrea da (Andrea Ferrucci)","(1689, 1695)",Andrea,2
4,"Fiesole, Andrea da (Andrea Ferrucci)","(1845, 1847)",he,2
4,"Fiesole, Andrea da (Andrea Ferrucci)","(2155, 2161)",Andrea,2
4,"Fiesole, Andrea da (Andrea Ferrucci)","(2183, 2185)",he,2
4,"Fiesole, Andrea da (Andrea Ferrucci)","(2333, 2336)",him,2
4,"Fiesole, Andrea da (Andrea Ferrucci)","(2463, 2466)",him,2
4,"Fiesole, Andrea da (Andrea Ferrucci)","(2481, 2487)",Andrea,2
4,"Fiesole, Andrea da (Andrea Ferrucci)","(2530, 2533)",him,2
4,"Fiesole, Andrea da (Andrea Ferrucci)","(2565, 2568)",his,2
4,"Fiesole, Andrea da (Andrea Ferrucci)","(2593, 2595)",he,2
4,"Fiesole, Andrea da (Andrea Ferrucci)","(2646, 2649)",his,2
4,"Fiesole, Andrea da (Andrea Ferrucci)","(2717, 2719)",he,2
4,"Fiesole, Andrea da (Andrea Ferrucci)","(2933, 2935)",he,2
4,"Fiesole, Andrea da (Andrea Ferrucci)","(3083, 3085)",he,2
4,"Fiesole, Andrea da (Andrea Ferrucci)","(3222, 3228)",Andrea,2
4,"Fiesole, Andrea da (Andrea Ferrucci)","(3254, 3257)",his,2
4,"Maini (Marini), Michele","(1531, 1577)","Michele  Maini, likewise a sculptor of Fiesole",2
4,"Maini (Marini), Michele","(1585, 1592)",Michele,2
4,"Marchissi, Antonio di Giorgio","(1985, 1992)",Antonio,2
4,"Marchissi, Antonio di Giorgio","(2018, 2020)",he,2
4,"Marchissi, Antonio di Giorgio","(2211, 2220)",that King,2
4,"Marchissi, Antonio di Giorgio","(2289, 2296)",Antonio,2
5,"Fiesole, Andrea da (Andrea Ferrucci)","(19, 25)",Andrea,5
5,"Fiesole, Andrea da (Andrea Ferrucci)","(197, 199)",he,5
5,"Fiesole, Andrea da (Andrea Ferrucci)","(296, 298)",he,5
5,"Fiesole, Andrea da (Andrea Ferrucci)","(435, 441)",Andrea,5
5,"Fiesole, Andrea da (Andrea Ferrucci)","(1062, 1068)",Andrea,5
5,"Fiesole, Andrea da (Andrea Ferrucci)","(1085, 1088)",his,5
5,"Fiesole, Andrea da (Andrea Ferrucci)","(1147, 1149)",he,5
5,"Fiesole, Andrea da (Andrea Ferrucci)","(1265, 1267)",he,5
5,"Fiesole, Andrea da (Andrea Ferrucci)","(1360, 1362)",he,5
5,"Fiesole, Andrea da (Andrea Ferrucci)","(1475, 1477)",He,5
5,"Fiesole, Andrea da (Andrea Ferrucci)","(1585, 1588)",his,5
5,"Fiesole, Andrea da (Andrea Ferrucci)","(1827, 1833)",Andrea,5
5,"Fiesole, Andrea da (Andrea Ferrucci)","(1912, 1914)",he,5
5,"Fiesole, Andrea da (Andrea Ferrucci)","(2004, 2006)",He,5
5,"Fiesole, Andrea da (Andrea Ferrucci)","(2072, 2078)",Andrea,5
5,"Fiesole, Andrea da (Andrea Ferrucci)","(2115, 2117)",he,5
6,"Fiesole, Andrea da (Andrea Ferrucci)","(30, 36)",Andrea,6
6,"Fiesole, Andrea da (Andrea Ferrucci)","(42, 45)",his,6
6,"Fiesole, Andrea da (Andrea Ferrucci)","(171, 173)",He,6
6,"Fiesole, Andrea da (Andrea Ferrucci)","(290, 292)",he,6
6,"Fiesole, Andrea da (Andrea Ferrucci)","(313, 320)",himself,6
6,"Fiesole, Andrea da (Andrea Ferrucci)","(351, 354)",him,6
6,"Fiesole, Andrea da (Andrea Ferrucci)","(383, 386)",his,6
6,"Fiesole, Andrea da (Andrea Ferrucci)","(615, 621)",Andrea,6
7,"Cosini, Silvio (Silvio da Fiesole)","(0, 6)",Silvio,7
7,"Cosini, Silvio (Silvio da Fiesole)","(162, 164)",he,7
7,"Cosini, Silvio (Silvio da Fiesole)","(305, 308)",his,7
7,"Cosini, Silvio (Silvio da Fiesole)","(549, 551)",he,7
7,"Cosini, Silvio (Silvio da Fiesole)","(675, 681)",Silvio,7
7,"Cosini, Silvio (Silvio da Fiesole)","(690, 693)",him,7
7,"Cosini, Silvio (Silvio da Fiesole)","(830, 836)",Silvio,7
7,"Cosini, Silvio (Silvio da Fiesole)","(1210, 1216)",Silvio,7
7,"Cosini, Silvio (Silvio da Fiesole)","(1332, 1334)",he,7
7,"Cosini, Silvio (Silvio da Fiesole)","(1469, 1471)",he,7
7,"Cosini, Silvio (Silvio da Fiesole)","(1561, 1563)",he,7
7,"Cosini, Silvio (Silvio da Fiesole)","(1643, 1645)",he,7
7,"Cosini, Silvio (Silvio da Fiesole)","(1966, 1972)",Silvio,7
7,"Cosini, Silvio (Silvio da Fiesole)","(2041, 2043)",he,7
7,"Cosini, Silvio (Silvio da Fiesole)","(2137, 2143)",Silvio,7
7,"Cosini, Silvio (Silvio da Fiesole)","(2173, 2176)",his,7
7,"Cosini, Silvio (Silvio da Fiesole)","(2203, 2205)",he,7
7,"Cosini, Silvio (Silvio da Fiesole)","(2355, 2358)",his,7
7,"Cosini, Silvio (Silvio da Fiesole)","(2441, 2443)",he,7
7,"Cosini, Silvio (Silvio da Fiesole)","(2569, 2572)",his,7
7,"Cosini, Silvio (Silvio da Fiesole)","(2685, 2687)",he,7
7,"Cosini, Silvio (Silvio da Fiesole)","(2758, 2760)",he,7
7,"Cosini, Silvio (Silvio da Fiesole)","(2778, 2780)",he,7
7,"Cosini, Silvio (Silvio da Fiesole)","(2802, 2804)",he,7
7,"Cosini, Silvio (Silvio da Fiesole)","(2829, 2832)",his,7
7,"Cosini, Silvio (Silvio da Fiesole)","(2972, 2974)",he,7
7,"Cosini, Silvio (Silvio da Fiesole)","(3001, 3003)",he,7
7,"Cosini, Silvio (Silvio da Fiesole)","(3080, 3083)",him,7
7,"Cosini, Silvio (Silvio da Fiesole)","(3135, 3143)",this man,7
8,"Cosini, Silvio (Silvio da Fiesole)","(19, 22)",his,9
8,"Cosini, Silvio (Silvio da Fiesole)","(43, 49)",Silvio,9
8,"Cosini, Silvio (Silvio da Fiesole)","(77, 79)",he,9
8,"Cosini, Silvio (Silvio da Fiesole)","(166, 168)",he,9
8,"Cosini, Silvio (Silvio da Fiesole)","(229, 231)",he,9
8,"Cosini, Silvio (Silvio da Fiesole)","(385, 388)",him,9
8,"Cosini, Silvio (Silvio da Fiesole)","(421, 423)",He,9
8,"Cosini, Silvio (Silvio da Fiesole)","(515, 523)",Silvio's,9
8,"Cosini, Silvio (Silvio da Fiesole)","(566, 568)",he,9
8,"Cosini, Silvio (Silvio da Fiesole)","(590, 592)",he,9
8,"Cosini, Silvio (Silvio da Fiesole)","(607, 610)",his,9
8,"Cosini, Silvio (Silvio da Fiesole)","(652, 655)",his,9
8,"Cosini, Silvio (Silvio da Fiesole)","(671, 673)",He,9
8,"Cosini, Silvio (Silvio da Fiesole)","(728, 730)",he,9
8,"Cosini, Silvio (Silvio da Fiesole)","(768, 770)",he,9
8,"Cosini, Silvio (Silvio da Fiesole)","(859, 866)",himself,9
8,"Cosini, Silvio (Silvio da Fiesole)","(888, 890)",he,9
8,"Cosini, Silvio (Silvio da Fiesole)","(922, 924)",He,9
8,"Cosini, Silvio (Silvio da Fiesole)","(1069, 1071)",he,9
8,"Cosini, Silvio (Silvio da Fiesole)","(1079, 1082)",his,9
8,"Cosini, Silvio (Silvio da Fiesole)","(1089, 1091)",He,9
8,"Cosini, Silvio (Silvio da Fiesole)","(1153, 1156)",his,9
8,"Cosini, Silvio (Silvio da Fiesole)","(1169, 1171)",he,9
8,"Cosini, Silvio (Silvio da Fiesole)","(1177, 1180)",his,9
8,"Cosini, Silvio (Silvio da Fiesole)","(1203, 1205)",he,9
8,"Cosini, Silvio (Silvio da Fiesole)","(1223, 1226)",his,9
8,"Cosini, Silvio (Silvio da Fiesole)","(1257, 1259)",he,9
8,"Cosini, Silvio (Silvio da Fiesole)","(1298, 1300)",he,9
8,"Cosini, Silvio (Silvio da Fiesole)","(1311, 1314)",his,9
8,"Cosini, Silvio (Silvio da Fiesole)","(1347, 1349)",he,9
8,"Cosini, Silvio (Silvio da Fiesole)","(1357, 1359)",he,9
8,"Cosini, Silvio (Silvio da Fiesole)","(1488, 1494)",Silvio,9
8,"Fiesole, Andrea da (Andrea Ferrucci)","(1311, 1337)",his master Andrea Ferrucci,9
8,"Fiesole, Andrea da (Andrea Ferrucci)","(1477, 1483)",Andrea,9
11,"San Gimignano, Vincenzio da (Vincenzio Tamagni)","(108, 145)",Vincenzio da San Gimignano of Tuscany,12
11,"San Gimignano, Vincenzio da (Vincenzio Tamagni)","(198, 207)",Vincenzio,12
11,"Urbino, Timoteo da (Timoteo della Vite)","(151, 168)",Timoteo da Urbino,12
11,"Urbino, Timoteo da (Timoteo della Vite)","(278, 285)",Timoteo,12
12,"San Gimignano, Vincenzio da (Vincenzio Tamagni)","(0, 9)",Vincenzio,13
12,"San Gimignano, Vincenzio da (Vincenzio Tamagni)","(121, 128)",himself,13
12,"San Gimignano, Vincenzio da (Vincenzio Tamagni)","(151, 153)",he,13
12,"San Gimignano, Vincenzio da (Vincenzio Tamagni)","(342, 349)",himself,13
12,"San Gimignano, Vincenzio da (Vincenzio Tamagni)","(350, 352)",he,13
12,"San Gimignano, Vincenzio da (Vincenzio Tamagni)","(404, 406)",he,13
12,"San Gimignano, Vincenzio da (Vincenzio Tamagni)","(547, 556)",Vincenzio,13
12,"San Gimignano, Vincenzio da (Vincenzio Tamagni)","(583, 586)",his,13
12,"San Gimignano, Vincenzio da (Vincenzio Tamagni)","(610, 613)",his,13
12,"San Gimignano, Vincenzio da (Vincenzio Tamagni)","(629, 632)",his,13
12,"San Gimignano, Vincenzio da (Vincenzio Tamagni)","(681, 683)",he,13
12,"San Gimignano, Vincenzio da (Vincenzio Tamagni)","(1195, 1204)",Vincenzio,13
12,"San Gimignano, Vincenzio da (Vincenzio Tamagni)","(1434, 1452)",The same Vincenzio,13
12,"San Gimignano, Vincenzio da (Vincenzio Tamagni)","(1733, 1735)",he,13
12,"San Gimignano, Vincenzio da (Vincenzio Tamagni)","(1888, 1890)",he,13
12,"Sanzio, Raffaello (Raffaello da Urbino)","(77, 109)",the gracious Raffaello da Urbino,13
12,"Sanzio, Raffaello (Raffaello da Urbino)","(175, 184)",Raffaello,13
12,"Sanzio, Raffaello (Raffaello da Urbino)","(723, 742)",Raffaello da Urbino,13
12,"Sanzio, Raffaello (Raffaello da Urbino)","(986, 995)",Raffaello,13
12,"Sanzio, Raffaello (Raffaello da Urbino)","(1011, 1014)",him,13
12,"Sanzio, Raffaello (Raffaello da Urbino)","(1206, 1215)",Raffaello,13
13,"San Gimignano, Vincenzio da (Vincenzio Tamagni)","(0, 9)",Vincenzio,14
13,"San Gimignano, Vincenzio da (Vincenzio Tamagni)","(198, 200)",he,14
13,"San Gimignano, Vincenzio da (Vincenzio Tamagni)","(213, 216)",his,14
13,"San Gimignano, Vincenzio da (Vincenzio Tamagni)","(291, 293)",he,14
13,"San Gimignano, Vincenzio da (Vincenzio Tamagni)","(330, 333)",his,14
13,"San Gimignano, Vincenzio da (Vincenzio Tamagni)","(357, 359)",he,14
13,"San Gimignano, Vincenzio da (Vincenzio Tamagni)","(471, 473)",he,14
13,"San Gimignano, Vincenzio da (Vincenzio Tamagni)","(594, 596)",he,14
13,"San Gimignano, Vincenzio da (Vincenzio Tamagni)","(846, 855)",Vincenzio,14
13,"San Gimignano, Vincenzio da (Vincenzio Tamagni)","(1124, 1133)",Vincenzio,14
13,"San Gimignano, Vincenzio da (Vincenzio Tamagni)","(1142, 1145)",his,14
13,"San Gimignano, Vincenzio da (Vincenzio Tamagni)","(1210, 1213)",his,14
13,"San Gimignano, Vincenzio da (Vincenzio Tamagni)","(1225, 1228)",his,14
14,"Urbino, Timoteo da (Timoteo della Vite)","(0, 28)","Timoteo, a painter of Urbino",15
14,"Urbino, Timoteo da (Timoteo della Vite)","(254, 261)",Timoteo,15
14,"Urbino, Timoteo da (Timoteo della Vite)","(281, 284)",his,15
14,"Urbino, Timoteo da (Timoteo della Vite)","(299, 301)",he,15
14,"Urbino, Timoteo da (Timoteo della Vite)","(326, 329)",his,15
14,"Urbino, Timoteo da (Timoteo della Vite)","(509, 511)",he,15
14,"Urbino, Timoteo da (Timoteo della Vite)","(548, 551)",his,15
14,"Urbino, Timoteo da (Timoteo della Vite)","(563, 566)",his,15
14,"Urbino, Timoteo da (Timoteo della Vite)","(663, 676)",the young man,15
14,"Urbino, Timoteo da (Timoteo della Vite)","(687, 690)",his,15
14,"Urbino, Timoteo da (Timoteo della Vite)","(796, 803)",himself,15
14,"Urbino, Timoteo da (Timoteo della Vite)","(807, 810)",his,15
14,"Urbino, Timoteo da (Timoteo della Vite)","(850, 852)",he,15
14,"Urbino, Timoteo da (Timoteo della Vite)","(890, 893)",his,15
14,"Urbino, Timoteo da (Timoteo della Vite)","(984, 986)",he,15
14,"Urbino, Timoteo da (Timoteo della Vite)","(1019, 1021)",he,15
14,"Urbino, Timoteo da (Timoteo della Vite)","(1143, 1145)",he,15
14,"Urbino, Timoteo da (Timoteo della Vite)","(1303, 1310)",Timoteo,15
14,"Urbino, Timoteo da (Timoteo della Vite)","(1528, 1530)",he,15
14,"Urbino, Timoteo da (Timoteo della Vite)","(1588, 1591)",his,15
14,"Urbino, Timoteo da (Timoteo della Vite)","(1633, 1636)",his,15
14,"Urbino, Timoteo da (Timoteo della Vite)","(1667, 1682)",the young man's,15
14,"Urbino, Timoteo da (Timoteo della Vite)","(1729, 1732)",his,15
14,"Urbino, Timoteo da (Timoteo della Vite)","(1750, 1753)",him,15
14,"Urbino, Timoteo da (Timoteo della Vite)","(1764, 1767)",his,15
14,"Urbino, Timoteo da (Timoteo della Vite)","(1799, 1802)",him,15
14,"Urbino, Timoteo da (Timoteo della Vite)","(1810, 1817)",himself,15
14,"Urbino, Timoteo da (Timoteo della Vite)","(1861, 1863)",he,15
14,"Urbino, Timoteo da (Timoteo della Vite)","(1894, 1901)",himself,15
14,"Urbino, Timoteo da (Timoteo della Vite)","(2054, 2056)",he,15
14,"Urbino, Timoteo da (Timoteo della Vite)","(2084, 2087)",his,15
14,"Urbino, Timoteo da (Timoteo della Vite)","(2144, 2146)",he,15
14,"Urbino, Timoteo da (Timoteo della Vite)","(2202, 2204)",he,15
14,"Urbino, Timoteo da (Timoteo della Vite)","(2342, 2345)",his,15
14,"Urbino, Timoteo da (Timoteo della Vite)","(2515, 2522)",himself,15
14,"Urbino, Timoteo da (Timoteo della Vite)","(2550, 2552)",he,15
14,"Urbino, Timoteo da (Timoteo della Vite)","(2557, 2564)",himself,15
14,"Urbino, Timoteo da (Timoteo della Vite)","(2664, 2667)",his,15
14,"Urbino, Timoteo da (Timoteo della Vite)","(2689, 2691)",he,15
14,"Urbino, Timoteo da (Timoteo della Vite)","(2844, 2847)",his,15
14,"Urbino, Timoteo da (Timoteo della Vite)","(2934, 2936)",he,15
14,"Urbino, Timoteo da (Timoteo della Vite)","(2976, 2978)",he,15
14,"Urbino, Timoteo da (Timoteo della Vite)","(3074, 3076)",he,15
14,"Urbino, Timoteo da (Timoteo della Vite)","(3088, 3090)",he,15
14,"Urbino, Timoteo da (Timoteo della Vite)","(3120, 3123)",his,15
14,"Urbino, Timoteo da (Timoteo della Vite)","(3219, 3222)",his,15
14,"Urbino, Timoteo da (Timoteo della Vite)","(3271, 3273)",he,15
14,"Urbino, Timoteo da (Timoteo della Vite)","(3331, 3334)",his,15
14,"Urbino, Timoteo da (Timoteo della Vite)","(3351, 3353)",he,15
14,"Urbino, Timoteo da (Timoteo della Vite)","(3678, 3680)",he,15
15,"Urbino, Timoteo da (Timoteo della Vite)","(108, 115)",Timoteo,17
15,"Urbino, Timoteo da (Timoteo della Vite)","(135, 137)",he,17
15,"Urbino, Timoteo da (Timoteo della Vite)","(245, 247)",he,17
15,"Urbino, Timoteo da (Timoteo della Vite)","(409, 411)",he,17
15,"Urbino, Timoteo da (Timoteo della Vite)","(492, 494)",he,17
15,"Urbino, Timoteo da (Timoteo della Vite)","(545, 548)",his,17
15,"Urbino, Timoteo da (Timoteo della Vite)","(594, 596)",he,17
15,"Urbino, Timoteo da (Timoteo della Vite)","(607, 610)",his,17
15,"Urbino, Timoteo da (Timoteo della Vite)","(737, 740)",his,17
15,"Urbino, Timoteo da (Timoteo della Vite)","(901, 904)",his,17
15,"Urbino, Timoteo da (Timoteo della Vite)","(920, 923)",his,17
15,"Urbino, Timoteo da (Timoteo della Vite)","(947, 949)",he,17
15,"Urbino, Timoteo da (Timoteo della Vite)","(1287, 1294)",Timoteo,17
15,"Urbino, Timoteo da (Timoteo della Vite)","(1376, 1383)",himself,17
15,"Urbino, Timoteo da (Timoteo della Vite)","(1389, 1391)",he,17
15,"Sanzio, Raffaello (Raffaello da Urbino)","(175, 184)",Raffaello,17
15,"Sanzio, Raffaello (Raffaello da Urbino)","(311, 320)",Raffaello,17
15,"Sanzio, Raffaello (Raffaello da Urbino)","(328, 331)",his,17
15,"Sanzio, Raffaello (Raffaello da Urbino)","(371, 380)",Raffaello,17
15,"Sanzio, Raffaello (Raffaello da Urbino)","(545, 555)",his master,17
16,"Urbino, Timoteo da (Timoteo della Vite)","(14, 21)",Timoteo,18
16,"Urbino, Timoteo da (Timoteo della Vite)","(125, 128)",his,18
16,"Urbino, Timoteo da (Timoteo della Vite)","(220, 223)",his,18
16,"Urbino, Timoteo da (Timoteo della Vite)","(254, 257)",his,18
16,"Urbino, Timoteo da (Timoteo della Vite)","(284, 286)",he,18
16,"Urbino, Timoteo da (Timoteo della Vite)","(355, 358)",him,18
16,"Urbino, Timoteo da (Timoteo della Vite)","(370, 373)",his,18
16,"Urbino, Timoteo da (Timoteo della Vite)","(461, 464)",his,18
16,"Urbino, Timoteo da (Timoteo della Vite)","(504, 507)",his,18
16,"Urbino, Timoteo da (Timoteo della Vite)","(526, 528)",he,18
16,"Urbino, Timoteo da (Timoteo della Vite)","(538, 540)",he,18
16,"Urbino, Timoteo da (Timoteo della Vite)","(614, 616)",he,18
16,"Urbino, Timoteo da (Timoteo della Vite)","(645, 652)",Timoteo,18
16,"Urbino, Timoteo da (Timoteo della Vite)","(661, 664)",his,18
16,"Urbino, Timoteo da (Timoteo della Vite)","(776, 778)",he,18
16,"Urbino, Timoteo da (Timoteo della Vite)","(822, 824)",he,18
16,"Urbino, Timoteo da (Timoteo della Vite)","(862, 864)",he,18
16,"Urbino, Timoteo da (Timoteo della Vite)","(932, 934)",he,18
16,"Urbino, Timoteo da (Timoteo della Vite)","(984, 987)",his,18
16,"Urbino, Timoteo da (Timoteo della Vite)","(1026, 1028)",he,18
16,"Urbino, Timoteo da (Timoteo della Vite)","(1051, 1054)",his,18
16,"Urbino, Timoteo da (Timoteo della Vite)","(1179, 1181)",he,18
16,"Urbino, Timoteo da (Timoteo della Vite)","(1277, 1280)",his,18
16,"Urbino, Timoteo da (Timoteo della Vite)","(1311, 1313)",he,18
16,"Urbino, Timoteo da (Timoteo della Vite)","(1455, 1457)",he,18
16,"Urbino, Timoteo da (Timoteo della Vite)","(1614, 1621)",Timoteo,18
16,"Urbino, Timoteo da (Timoteo della Vite)","(1650, 1652)",he,18
16,"Urbino, Timoteo da (Timoteo della Vite)","(2030, 2042)",the same man,18
16,"Urbino, Timoteo da (Timoteo della Vite)","(2115, 2117)",he,18
17,"Urbino, Timoteo da (Timoteo della Vite)","(0, 7)",Timoteo,21
17,"Urbino, Timoteo da (Timoteo della Vite)","(85, 88)",his,21
17,"Urbino, Timoteo da (Timoteo della Vite)","(114, 117)",his,21
17,"Urbino, Timoteo da (Timoteo della Vite)","(194, 196)",He,21
17,"Urbino, Timoteo da (Timoteo della Vite)","(272, 275)",his,21
17,"Urbino, Timoteo da (Timoteo della Vite)","(300, 302)",He,21
17,"Urbino, Timoteo da (Timoteo della Vite)","(386, 388)",he,21
17,"Urbino, Timoteo da (Timoteo della Vite)","(441, 443)",He,21
17,"Urbino, Timoteo da (Timoteo della Vite)","(504, 507)",his,21
17,"Urbino, Timoteo da (Timoteo della Vite)","(522, 525)",his,21
17,"Urbino, Timoteo da (Timoteo della Vite)","(561, 564)",his,21
17,"Urbino, Timoteo da (Timoteo della Vite)","(574, 577)",his,21
17,"Urbino, Timoteo da (Timoteo della Vite)","(614, 617)",his,21
17,"Urbino, Timoteo da (Timoteo della Vite)","(624, 626)",He,21
17,"Urbino, Timoteo da (Timoteo della Vite)","(769, 776)",Timoteo,21
17,"Urbino, Timoteo da (Timoteo della Vite)","(810, 813)",his,21
17,"Urbino, Timoteo da (Timoteo della Vite)","(938, 941)",his,21
17,"Urbino, Timoteo da (Timoteo della Vite)","(1030, 1037)",Timoteo,21
21,"Contucci, Andrea (Andrea Sansovino)","(9, 64)","Andrea, the son of Domenico Contucci of Monte Sansovino",23
21,"Contucci, Andrea (Andrea Sansovino)","(172, 175)",his,23
21,"Contucci, Andrea (Andrea Sansovino)","(203, 206)",his,23
21,"Contucci, Andrea (Andrea Sansovino)","(227, 230)",his,23
21,"Contucci, Andrea (Andrea Sansovino)","(254, 257)",his,23
21,"Contucci, Andrea (Andrea Sansovino)","(271, 274)",his,23
21,"Contucci, Andrea (Andrea Sansovino)","(361, 364)",his,23
21,"Contucci, Andrea (Andrea Sansovino)","(416, 419)",his,23
21,"Contucci, Andrea (Andrea Sansovino)","(453, 455)",he,23
21,"Contucci, Andrea (Andrea Sansovino)","(517, 519)",he,23
21,"Contucci, Andrea (Andrea Sansovino)","(548, 551)",his,23
21,"Contucci, Andrea (Andrea Sansovino)","(635, 641)",Andrea,23
21,"Contucci, Andrea (Andrea Sansovino)","(692, 695)",his,23
21,"Contucci, Andrea (Andrea Sansovino)","(727, 730)",his,23
21,"Contucci, Andrea (Andrea Sansovino)","(739, 741)",he,23
21,"Contucci, Andrea (Andrea Sansovino)","(852, 854)",he,23
21,"Contucci, Andrea (Andrea Sansovino)","(1023, 1029)",Andrea,23
21,"Contucci, Andrea (Andrea Sansovino)","(1048, 1051)",his,23
21,"Contucci, Andrea (Andrea Sansovino)","(1072, 1079)",the boy,23
21,"Contucci, Andrea (Andrea Sansovino)","(1156, 1159)",him,23
21,"Contucci, Andrea (Andrea Sansovino)","(1187, 1196)",the boy's,23
21,"Contucci, Andrea (Andrea Sansovino)","(1223, 1225)",he,23
21,"Contucci, Andrea (Andrea Sansovino)","(1244, 1247)",him,23
21,"Contucci, Andrea (Andrea Sansovino)","(1337, 1340)",him,23
22,"Contucci, Andrea (Andrea Sansovino)","(49, 52)",him,24
22,"Contucci, Andrea (Andrea Sansovino)","(106, 112)",Andrea,24
22,"Contucci, Andrea (Andrea Sansovino)","(156, 158)",he,24
22,"Contucci, Andrea (Andrea Sansovino)","(284, 287)",him,24
22,"Contucci, Andrea (Andrea Sansovino)","(666, 668)",he,24
22,"Contucci, Andrea (Andrea Sansovino)","(866, 868)",he,24
23,"Contucci, Andrea (Andrea Sansovino)","(37, 39)",he,25
23,"Contucci, Andrea (Andrea Sansovino)","(48, 51)",his,25
23,"Contucci, Andrea (Andrea Sansovino)","(186, 189)",him,25
23,"Contucci, Andrea (Andrea Sansovino)","(218, 221)",his,25
23,"Contucci, Andrea (Andrea Sansovino)","(358, 364)",Andrea,25
23,"Contucci, Andrea (Andrea Sansovino)","(400, 402)",He,25
23,"Contucci, Andrea (Andrea Sansovino)","(586, 588)",he,25
23,"Contucci, Andrea (Andrea Sansovino)","(1167, 1173)",Andrea,25
23,"Contucci, Andrea (Andrea Sansovino)","(1175, 1177)",he,25
23,"Contucci, Andrea (Andrea Sansovino)","(1193, 1200)",himself,25
23,"Contucci, Andrea (Andrea Sansovino)","(1216, 1218)",he,25
23,"Contucci, Andrea (Andrea Sansovino)","(1234, 1237)",his,25
23,"Contucci, Andrea (Andrea Sansovino)","(1609, 1615)",Andrea,25
23,"Contucci, Andrea (Andrea Sansovino)","(1861, 1863)",he,25
23,"Contucci, Andrea (Andrea Sansovino)","(2660, 2666)",Andrea,25
24,"Contucci, Andrea (Andrea Sansovino)","(134, 136)",he,26
24,"Contucci, Andrea (Andrea Sansovino)","(265, 268)",his,26
24,"Contucci, Andrea (Andrea Sansovino)","(282, 289)",himself,26
24,"Contucci, Andrea (Andrea Sansovino)","(310, 312)",he,26
24,"Contucci, Andrea (Andrea Sansovino)","(384, 386)",he,26
24,"Contucci, Andrea (Andrea Sansovino)","(982, 988)",Andrea,26
24,"Contucci, Andrea (Andrea Sansovino)","(998, 1001)",his,26
24,"Contucci, Andrea (Andrea Sansovino)","(1064, 1086)",this extraordinary man,26
24,"Contucci, Andrea (Andrea Sansovino)","(1334, 1336)",he,26
24,"Contucci, Andrea (Andrea Sansovino)","(1861, 1867)",Andrea,26
24,"Contucci, Andrea (Andrea Sansovino)","(1893, 1895)",he,26
24,"Contucci, Andrea (Andrea Sansovino)","(2001, 2003)",he,26
24,"Contucci, Andrea (Andrea Sansovino)","(2109, 2111)",he,26
24,"Contucci, Andrea (Andrea Sansovino)","(2404, 2407)",his,26
24,"Contucci, Andrea (Andrea Sansovino)","(2527, 2529)",He,26
24,"Contucci, Andrea (Andrea Sansovino)","(2804, 2810)",Andrea,26
24,"Contucci, Andrea (Andrea Sansovino)","(3009, 3011)",he,26
24,"Contucci, Andrea (Andrea Sansovino)","(3111, 3117)",Andrea,26
24,"Contucci, Andrea (Andrea Sansovino)","(3128, 3131)",his,26
24,"Contucci, Andrea (Andrea Sansovino)","(3339, 3342)",his,26
24,"Contucci, Andrea (Andrea Sansovino)","(3414, 3417)",his,26
24,"Contucci, Andrea (Andrea Sansovino)","(3499, 3505)",Andrea,26
25,"Contucci, Andrea (Andrea Sansovino)","(94, 97)",his,28
25,"Contucci, Andrea (Andrea Sansovino)","(139, 145)",Andrea,28
25,"Contucci, Andrea (Andrea Sansovino)","(167, 169)",he,28
25,"Contucci, Andrea (Andrea Sansovino)","(319, 321)",he,28
25,"Contucci, Andrea (Andrea Sansovino)","(359, 362)",him,28
25,"Contucci, Andrea (Andrea Sansovino)","(395, 398)",his,28
25,"Contucci, Andrea (Andrea Sansovino)","(457, 459)",he,28
25,"Contucci, Andrea (Andrea Sansovino)","(627, 629)",he,28
25,"Contucci, Andrea (Andrea Sansovino)","(657, 659)",he,28
25,"Contucci, Andrea (Andrea Sansovino)","(700, 702)",he,28
25,"Contucci, Andrea (Andrea Sansovino)","(954, 956)",He,28
25,"Contucci, Andrea (Andrea Sansovino)","(1252, 1258)",Andrea,28
27,"Contucci, Andrea (Andrea Sansovino)","(12, 18)",Andrea,31
27,"Contucci, Andrea (Andrea Sansovino)","(246, 252)",Andrea,31
28,"Contucci, Andrea (Andrea Sansovino)","(0, 6)",Andrea,32
28,"Contucci, Andrea (Andrea Sansovino)","(192, 194)",he,32
28,"Contucci, Andrea (Andrea Sansovino)","(349, 351)",he,32
28,"Contucci, Andrea (Andrea Sansovino)","(444, 450)",Andrea,32
28,"Contucci, Andrea (Andrea Sansovino)","(526, 528)",he,32
28,"Contucci, Andrea (Andrea Sansovino)","(884, 890)",Andrea,32
28,"Contucci, Andrea (Andrea Sansovino)","(1090, 1092)",he,32
28,"Contucci, Andrea (Andrea Sansovino)","(2517, 2533)",Andrea Sansovino,32
29,"Contucci, Andrea (Andrea Sansovino)","(0, 6)",Andrea,33
29,"Contucci, Andrea (Andrea Sansovino)","(117, 119)",he,33
29,"Contucci, Andrea (Andrea Sansovino)","(174, 176)",he,33
29,"Contucci, Andrea (Andrea Sansovino)","(307, 309)",he,33
29,"Contucci, Andrea (Andrea Sansovino)","(395, 397)",he,33
29,"Contucci, Andrea (Andrea Sansovino)","(466, 469)",his,33
29,"Contucci, Andrea (Andrea Sansovino)","(512, 514)",he,33
29,"Contucci, Andrea (Andrea Sansovino)","(765, 773)",Andrea's,33
29,"Contucci, Andrea (Andrea Sansovino)","(830, 832)",he,33
29,"Contucci, Andrea (Andrea Sansovino)","(1462, 1468)",Andrea,33
29,"Contucci, Andrea (Andrea Sansovino)","(1539, 1545)",Andrea,33
29,"Contucci, Andrea (Andrea Sansovino)","(1841, 1847)",Andrea,33
29,"Contucci, Andrea (Andrea Sansovino)","(2057, 2063)",Andrea,33
29,"Contucci, Andrea (Andrea Sansovino)","(2191, 2197)",Andrea,33
29,"Contucci, Andrea (Andrea Sansovino)","(2406, 2412)",Andrea,33
29,"Contucci, Andrea (Andrea Sansovino)","(2614, 2620)",Andrea,33
30,"Contucci, Andrea (Andrea Sansovino)","(59, 61)",he,35
30,"Contucci, Andrea (Andrea Sansovino)","(85, 87)",he,35
30,"Contucci, Andrea (Andrea Sansovino)","(130, 133)",his,35
30,"Contucci, Andrea (Andrea Sansovino)","(212, 215)",his,35
30,"Contucci, Andrea (Andrea Sansovino)","(283, 285)",he,35
30,"Contucci, Andrea (Andrea Sansovino)","(321, 328)",himself,35
30,"Contucci, Andrea (Andrea Sansovino)","(403, 405)",he,35
30,"Contucci, Andrea (Andrea Sansovino)","(569, 575)",Andrea,35
30,"Contucci, Andrea (Andrea Sansovino)","(776, 778)",He,35
30,"Contucci, Andrea (Andrea Sansovino)","(988, 990)",He,35
30,"Contucci, Andrea (Andrea Sansovino)","(1181, 1183)",He,35
30,"Contucci, Andrea (Andrea Sansovino)","(1508, 1511)",his,35
30,"Contucci, Andrea (Andrea Sansovino)","(1520, 1522)",he,35
30,"Contucci, Andrea (Andrea Sansovino)","(1705, 1711)",Andrea,35
30,"Contucci, Andrea (Andrea Sansovino)","(1721, 1723)",He,35
30,"Contucci, Andrea (Andrea Sansovino)","(1852, 1854)",he,35
30,"Contucci, Andrea (Andrea Sansovino)","(2043, 2053)",our Andrea,35
30,"Contucci, Andrea (Andrea Sansovino)","(2059, 2061)",he,35
30,"Contucci, Andrea (Andrea Sansovino)","(2206, 2209)",his,35
30,"Contucci, Andrea (Andrea Sansovino)","(2225, 2227)",he,35
30,"Contucci, Andrea (Andrea Sansovino)","(2295, 2297)",he,35
30,"Contucci, Andrea (Andrea Sansovino)","(2334, 2340)",Andrea,35
30,"Contucci, Andrea (Andrea Sansovino)","(2349, 2352)",his,35
30,"Contucci, Andrea (Andrea Sansovino)","(2395, 2397)",he,35
30,"Contucci, Andrea (Andrea Sansovino)","(2418, 2421)",his,35
30,"Contucci, Andrea (Andrea Sansovino)","(2444, 2447)",his,35
30,"Contucci, Andrea (Andrea Sansovino)","(2473, 2490)",their dearest one,35
30,"Contucci, Andrea (Andrea Sansovino)","(2670, 2673)",him,35
30,"Contucci, Andrea (Andrea Sansovino)","(2738, 2744)",Andrea,35
30,"Contucci, Andrea (Andrea Sansovino)","(2761, 2764)",his,35
30,"Contucci, Andrea (Andrea Sansovino)","(2828, 2830)",he,35
30,"Contucci, Andrea (Andrea Sansovino)","(2843, 2846)",his,35
30,"Contucci, Andrea (Andrea Sansovino)","(2906, 2908)",He,35
30,"Contucci, Andrea (Andrea Sansovino)","(2936, 2939)",his,35
30,"Contucci, Andrea (Andrea Sansovino)","(3028, 3030)",He,35
30,"Contucci, Andrea (Andrea Sansovino)","(3092, 3095)",his,35
30,"Contucci, Andrea (Andrea Sansovino)","(3183, 3185)",He,35
30,"Contucci, Andrea (Andrea Sansovino)","(3250, 3253)",His,35
30,"Contucci, Andrea (Andrea Sansovino)","(3278, 3281)",his,35
30,"Contucci, Andrea (Andrea Sansovino)","(3304, 3307)",his,35
30,"Contucci, Andrea (Andrea Sansovino)","(3327, 3330)",his,35
30,"Contucci, Andrea (Andrea Sansovino)","(3356, 3358)",he,35
30,"Contucci, Andrea (Andrea Sansovino)","(3386, 3389)",his,35
31,"Contucci, Andrea (Andrea Sansovino)","(0, 3)",His,39
31,"Contucci, Andrea (Andrea Sansovino)","(131, 134)",him,39
31,"Contucci, Andrea (Andrea Sansovino)","(318, 324)",Andrea,39
31,"Contucci, Andrea (Andrea Sansovino)","(388, 398)",his master,39
31,"Contucci, Andrea (Andrea Sansovino)","(511, 517)",Andrea,39
31,"Contucci, Andrea (Andrea Sansovino)","(527, 529)",he,39
31,"Contucci, Andrea (Andrea Sansovino)","(694, 696)",he,39
31,"Contucci, Andrea (Andrea Sansovino)","(705, 708)",his,39
36,"Rovezzano, Benedetto da","(24, 33)",Benedetto,43
36,"Rovezzano, Benedetto da","(242, 245)",him,43
36,"Rovezzano, Benedetto da","(341, 343)",he,43
36,"Rovezzano, Benedetto da","(611, 620)",Benedetto,43
36,"Rovezzano, Benedetto da","(698, 700)",he,43
36,"Rovezzano, Benedetto da","(711, 714)",his,43
36,"Rovezzano, Benedetto da","(780, 789)",Benedetto,43
36,"Rovezzano, Benedetto da","(902, 911)",Benedetto,43
36,"Rovezzano, Benedetto da","(1425, 1434)",Benedetto,43
36,"Rovezzano, Benedetto da","(1581, 1590)",Benedetto,43
37,"Rovezzano, Benedetto da","(240, 249)",Benedetto,46
37,"Rovezzano, Benedetto da","(279, 281)",he,46
37,"Rovezzano, Benedetto da","(833, 842)",Benedetto,46
37,"Rovezzano, Benedetto da","(950, 952)",he,46
37,"Rovezzano, Benedetto da","(1153, 1162)",Benedetto,46
37,"Rovezzano, Benedetto da","(2746, 2755)",Benedetto,46
37,"Rovezzano, Benedetto da","(2784, 2787)",his,46
38,"Rovezzano, Benedetto da","(193, 202)",Benedetto,47
38,"Rovezzano, Benedetto da","(266, 268)",he,47
38,"Rovezzano, Benedetto da","(399, 401)",he,47
38,"Rovezzano, Benedetto da","(462, 465)",his,47
38,"Rovezzano, Benedetto da","(482, 484)",he,47
38,"Rovezzano, Benedetto da","(518, 520)",he,47
38,"Rovezzano, Benedetto da","(617, 620)",his,47
38,"Rovezzano, Benedetto da","(781, 784)",him,47
38,"Rovezzano, Benedetto da","(812, 815)",his,47
38,"Rovezzano, Benedetto da","(832, 834)",he,47
38,"Rovezzano, Benedetto da","(907, 916)",Benedetto,47
38,"Rovezzano, Benedetto da","(965, 968)",his,47
38,"Rovezzano, Benedetto da","(1052, 1055)",him,47
38,"Rovezzano, Benedetto da","(1069, 1072)",his,47
38,"Rovezzano, Benedetto da","(1109, 1118)",Benedetto,47
38,"Rovezzano, Benedetto da","(1150, 1152)",he,47
38,"Rovezzano, Benedetto da","(1204, 1207)",His,47
38,"Rovezzano, Benedetto da","(1248, 1250)",he,47
38,"Rovezzano, Benedetto da","(1403, 1508)","Benedetto, who deserves, on account of all those works, to be numbered among our most excellent craftsmen",47
41,"Montelupo, Baccio da","(204, 223)",Baccio da Montelupo,49
41,"Montelupo, Baccio da","(274, 277)",him,49
41,"Montelupo, Baccio da","(289, 292)",his,49
41,"Montelupo, Baccio da","(325, 327)",he,49
41,"Montelupo, Baccio da","(369, 371)",he,49
41,"Montelupo, Baccio da","(408, 410)",he,49
41,"Montelupo, Baccio da","(514, 516)",he,49
41,"Montelupo, Baccio da","(557, 559)",he,49
41,"Montelupo, Baccio da","(644, 647)",him,49
41,"Montelupo, Baccio da","(661, 663)",he,49
41,"Montelupo, Baccio da","(752, 755)",his,49
41,"Montelupo, Baccio da","(765, 767)",he,49
41,"Montelupo, Baccio da","(826, 828)",he,49
41,"Montelupo, Baccio da","(911, 914)",him,49
42,"Montelupo, Baccio da","(20, 27)",himself,50
42,"Montelupo, Baccio da","(37, 40)",his,50
42,"Montelupo, Baccio da","(51, 54)",his,50
42,"Montelupo, Baccio da","(91, 93)",he,50
42,"Montelupo, Baccio da","(142, 144)",he,50
42,"Montelupo, Baccio da","(403, 405)",He,50
42,"Montelupo, Baccio da","(493, 495)",he,50
42,"Montelupo, Baccio da","(604, 606)",he,50
42,"Montelupo, Baccio da","(689, 692)",him,50
42,"Montelupo, Baccio da","(819, 822)",him,50
42,"Montelupo, Baccio da","(868, 870)",he,50
42,"Montelupo, Baccio da","(1052, 1058)",Baccio,50
42,"Montelupo, Baccio da","(1149, 1155)",Baccio,50
42,"Montelupo, Baccio da","(1294, 1297)",him,50
42,"Montelupo, Baccio da","(1465, 1472)",himself,50
42,"Montelupo, Baccio da","(1495, 1497)",he,50
42,"Montelupo, Baccio da","(1535, 1537)",he,50
42,"Montelupo, Baccio da","(1932, 1934)",he,50
42,"Montelupo, Baccio da","(2121, 2127)",Baccio,50
42,"Montelupo, Baccio da","(2387, 2389)",he,50
42,"Montelupo, Baccio da","(2415, 2417)",he,50
42,"Montelupo, Baccio da","(2789, 2792)",his,50
42,"Montelupo, Baccio da","(2799, 2801)",he,50
42,"Montelupo, Baccio da","(2808, 2811)",his,50
42,"Montelupo, Baccio da","(2899, 2901)",he,50
43,"Montelupo, Baccio da","(16, 22)",Baccio,53
43,"Montelupo, Baccio da","(658, 664)",Baccio,53
43,"Montelupo, Baccio da","(673, 676)",his,53
43,"Montelupo, Baccio da","(771, 781)",his father,53
43,"Montelupo, Baccio da","(797, 800)",him,53
43,"Montelupo, Raffaello da","(702, 819)","Raffaello, who applied himself to sculpture, and not merely equalled his father, but surpassed him by a great measure",53
43,"Montelupo, Raffaello da","(725, 732)",himself,53
43,"Montelupo, Raffaello da","(771, 774)",his,53
43,"Montelupo, Raffaello da","(821, 835)",This Raffaello,53
43,"Montelupo, Raffaello da","(850, 853)",his,53
43,"Montelupo, Raffaello da","(1144, 1153)",Raffaello,53
43,"Montelupo, Raffaello da","(1340, 1343)",his,53
43,"Montelupo, Raffaello da","(1369, 1371)",he,53
43,"Montelupo, Raffaello da","(1448, 1451)",his,53
43,"Contucci, Andrea (Andrea Sansovino)","(1120, 1136)",Andrea Sansovino,53
43,"Contucci, Andrea (Andrea Sansovino)","(1209, 1227)",the said Sansovino,53
43,"Contucci, Andrea (Andrea Sansovino)","(1316, 1322)",Andrea,53
44,"Buonarroti, Michelagnolo","(32, 44)",Michelagnolo,55
44,"Buonarroti, Michelagnolo","(160, 171)",that master,55
44,"Montelupo, Raffaello da","(0, 2)",He,55
44,"Montelupo, Raffaello da","(205, 214)",Raffaello,55
44,"Montelupo, Raffaello da","(228, 231)",him,55
44,"Montelupo, Raffaello da","(257, 260)",him,55
44,"Montelupo, Raffaello da","(314, 324)",he himself,55
44,"Montelupo, Raffaello da","(317, 324)",himself,55
44,"Montelupo, Raffaello da","(476, 485)",Raffaello,55
44,"Montelupo, Raffaello da","(495, 502)",himself,55
44,"Montelupo, Raffaello da","(587, 589)",he,55
44,"Montelupo, Raffaello da","(931, 933)",he,55
44,"Montelupo, Raffaello da","(1028, 1030)",he,55
44,"Montelupo, Raffaello da","(1182, 1184)",he,55
44,"Montelupo, Raffaello da","(1344, 1346)",he,55
44,"Montelupo, Raffaello da","(1556, 1565)",Raffaello,55
44,"Montelupo, Raffaello da","(1585, 1587)",he,55
44,"Montelupo, Raffaello da","(1641, 1644)",his,55
44,"Montelupo, Raffaello da","(1688, 1690)",he,55
44,"Montelupo, Raffaello da","(1887, 1896)",Raffaello,55
44,"Montelupo, Raffaello da","(2073, 2075)",he,55
44,"Montelupo, Raffaello da","(2114, 2116)",he,55
44,"Montelupo, Raffaello da","(2431, 2433)",he,55
44,"Montelupo, Raffaello da","(2703, 2705)",he,55
44,"Buonarroti, Michelagnolo","(1514, 1526)",Michelagnolo,55
44,"Buonarroti, Michelagnolo","(1744, 1756)",Michelagnolo,55
45,"Montelupo, Raffaello da","(31, 33)",he,58
45,"Montelupo, Raffaello da","(168, 170)",he,58
45,"Montelupo, Raffaello da","(357, 359)",he,58
45,"Montelupo, Raffaello da","(778, 787)",Raffaello,58
45,"Montelupo, Raffaello da","(958, 1038)","Raffaello, who had already left the service of the Castle and of Cardinal Crispo",58
45,"Montelupo, Raffaello da","(1141, 1150)",Raffaello,58
45,"Montelupo, Raffaello da","(1318, 1320)",he,58
45,"Montelupo, Raffaello da","(1395, 1402)",himself,58
45,"Montelupo, Raffaello da","(1506, 1508)",he,58
45,"Montelupo, Raffaello da","(1535, 1537)",he,58
45,"Montelupo, Raffaello da","(1597, 1599)",he,58
45,"Montelupo, Raffaello da","(1638, 1640)",he,58
45,"Montelupo, Raffaello da","(1650, 1657)",himself,58
45,"Montelupo, Raffaello da","(1693, 1696)",his,58
45,"Montelupo, Raffaello da","(1715, 1724)",Raffaello,58
45,"Montelupo, Raffaello da","(1729, 1731)",he,58
45,"Montelupo, Raffaello da","(1763, 1765)",he,58
45,"Montelupo, Raffaello da","(1840, 1842)",he,58
45,"Montelupo, Raffaello da","(1852, 1854)",he,58
45,"Montelupo, Raffaello da","(1925, 1932)",himself,58
45,"Montelupo, Raffaello da","(1974, 1977)",him,58
45,"Montelupo, Raffaello da","(1988, 1990)",he,58
45,"Montelupo, Raffaello da","(2052, 2061)",Raffaello,58
45,"Montelupo, Raffaello da","(2099, 2101)",he,58
45,"Montelupo, Raffaello da","(2175, 2178)",his,58
45,"Montelupo, Raffaello da","(2283, 2292)",Raffaello,58
45,"Montelupo, Raffaello da","(2364, 2367)",his,58
45,"Montelupo, Raffaello da","(2394, 2403)",Raffaello,58
45,"Montelupo, Raffaello da","(2518, 2520)",he,58
45,"Montelupo, Raffaello da","(2598, 2601)",his,58
45,"Montelupo, Baccio da","(51, 119)","Tiberio Crispo, at that time Castellan of the Castello di S. Angelo,",58
45,"Montelupo, Baccio da","(728, 743)",the said Crispo,58
45,"Montelupo, Baccio da","(770, 772)",he,58
45,"Montelupo, Baccio da","(820, 822)",he,58
45,"Montelupo, Baccio da","(1023, 1038)",Cardinal Crispo,58
45,"Montelupo, Baccio da","(2175, 2192)",his father Baccio,58
45,"Montelupo, Baccio da","(2673, 2679)",Baccio,58
45,"Montelupo, Baccio da","(2681, 2684)",his,58
45,"Montelupo, Baccio da","(2747, 2750)",him,58
45,"Montelupo, Baccio da","(2813, 2821)",Baccio's,58
45,"Montelupo, Baccio da","(2866, 2869)",His,58
45,"Montelupo, Baccio da","(2914, 2917)",him,58
49,"Credi, Maestro","(15, 63)","Maestro Credi, an excellent goldsmith in his day",61
49,"Credi, Maestro","(56, 59)",his,61
49,"Credi, Maestro","(155, 158)",him,61
49,"Credi, Maestro","(321, 331)",the master,61
49,"Credi, Maestro","(648, 653)",Credi,61
49,"Credi, Lorenzo di","(203, 278)","his son Lorenzo, a young man of beautiful intellect and excellent character",61
49,"Credi, Lorenzo di","(397, 409)",the disciple,61
49,"Credi, Lorenzo di","(441, 444)",him,61
49,"Credi, Lorenzo di","(473, 480)",Lorenzo,61
49,"Credi, Lorenzo di","(605, 608)",his,61
49,"Credi, Lorenzo di","(681, 688)",Lorenzo,61
49,"Credi, Lorenzo di","(724, 744)",Lorenzo Sciarpelloni,61
49,"Credi, Lorenzo di","(750, 766)",Lorenzo di Credi,61
49,"Credi, Lorenzo di","(793, 800)",Lorenzo,61
49,"Credi, Lorenzo di","(810, 817)",himself,61
49,"Credi, Lorenzo di","(978, 981)",his,61
49,"Credi, Lorenzo di","(1033, 1035)",he,61
49,"Credi, Lorenzo di","(1040, 1047)",himself,61
49,"Credi, Lorenzo di","(1096, 1103)",Lorenzo,61
49,"Credi, Lorenzo di","(1162, 1164)",he,61
49,"Credi, Lorenzo di","(1246, 1248)",he,61
49,"Credi, Lorenzo di","(1299, 1302)",his,61
49,"Vinci, Leonardo da","(957, 974)",Leonardo da Vinci,61
49,"Vinci, Leonardo da","(1152, 1160)",Leonardo,61
50,"Credi, Lorenzo di","(25, 32)",Lorenzo,63
50,"Credi, Lorenzo di","(51, 54)",his,63
50,"Credi, Lorenzo di","(178, 185)",Lorenzo,63
50,"Credi, Lorenzo di","(327, 334)",Lorenzo,63
50,"Credi, Lorenzo di","(339, 342)",his,63
50,"Credi, Lorenzo di","(355, 358)",his,63
50,"Credi, Lorenzo di","(408, 415)",himself,63
50,"Credi, Lorenzo di","(442, 445)",his,63
50,"Credi, Lorenzo di","(469, 471)",he,63
50,"Credi, Lorenzo di","(550, 553)",his,63
50,"Credi, Lorenzo di","(616, 619)",his,63
50,"Credi, Lorenzo di","(637, 644)",Lorenzo,63
50,"Credi, Lorenzo di","(683, 686)",him,63
50,"Credi, Lorenzo di","(705, 712)",Lorenzo,63
50,"Credi, Lorenzo di","(793, 795)",he,63
50,"Credi, Lorenzo di","(854, 856)",he,63
50,"Credi, Lorenzo di","(872, 875)",his,63
50,"Credi, Lorenzo di","(1035, 1042)",Lorenzo,63
50,"Credi, Lorenzo di","(1142, 1144)",he,63
50,"Credi, Lorenzo di","(1164, 1167)",his,63
50,"Credi, Lorenzo di","(1256, 1263)",Lorenzo,63
50,"Credi, Lorenzo di","(1441, 1448)",Lorenzo,63
50,"Credi, Lorenzo di","(1655, 1662)",Lorenzo,63
50,"Credi, Lorenzo di","(1696, 1698)",he,63
50,"Credi, Lorenzo di","(1715, 1717)",he,63
50,"Credi, Lorenzo di","(1735, 1742)",himself,63
50,"Credi, Lorenzo di","(1777, 1780)",his,63
50,"Credi, Lorenzo di","(1874, 1881)",Lorenzo,63
50,"Credi, Lorenzo di","(1943, 1952)",Lorenzo's,63
50,"Credi, Lorenzo di","(1980, 1982)",He,63
50,"Credi, Lorenzo di","(2061, 2064)",his,63
50,"Verrocchio, Andrea","(74, 80)",Andrea,63
50,"Verrocchio, Andrea","(167, 169)",he,63
50,"Verrocchio, Andrea","(229, 232)",his,63
50,"Verrocchio, Andrea","(272, 275)",his,63
50,"Verrocchio, Andrea","(355, 372)",his master Andrea,63
50,"Verrocchio, Andrea","(514, 517)",him,63
50,"Verrocchio, Andrea","(532, 535)",him,63
50,"Verrocchio, Andrea","(660, 666)",Andrea,63
50,"Verrocchio, Andrea","(687, 690)",his,63
50,"Verrocchio, Andrea","(785, 791)",Andrea,63
50,"Verrocchio, Andrea","(823, 826)",his,63
50,"Verrocchio, Andrea","(921, 927)",Andrea,63
50,"Verrocchio, Andrea","(936, 939)",his,63
50,"Verrocchio, Andrea","(1164, 1181)",his master Andrea,63
50,"Verrocchio, Andrea","(1943, 1978)","Lorenzo's master, Andrea Verrocchio",63
50,"Vinci, Leonardo da","(1276, 1293)",Leonardo da Vinci,63
50,"Vinci, Leonardo da","(1352, 1360)",Leonardo,63
51,"Credi, Lorenzo di","(78, 80)",he,65
51,"Credi, Lorenzo di","(208, 210)",he,65
51,"Credi, Lorenzo di","(259, 261)",he,65
51,"Credi, Lorenzo di","(416, 423)",Lorenzo,65
51,"Credi, Lorenzo di","(457, 459)",he,65
51,"Credi, Lorenzo di","(516, 523)",himself,65
51,"Credi, Lorenzo di","(887, 894)",Lorenzo,65
51,"Credi, Lorenzo di","(1110, 1112)",he,65
51,"Credi, Lorenzo di","(1233, 1235)",he,65
51,"Credi, Lorenzo di","(1361, 1363)",he,65
51,"Credi, Lorenzo di","(1397, 1399)",he,65
51,"Credi, Lorenzo di","(1421, 1423)",he,65
51,"Credi, Lorenzo di","(1501, 1503)",he,65
51,"Credi, Lorenzo di","(1580, 1582)",he,65
51,"Credi, Lorenzo di","(1668, 1670)",he,65
51,"Credi, Lorenzo di","(1900, 1907)",Lorenzo,65
51,"Credi, Lorenzo di","(1953, 1955)",he,65
51,"Credi, Lorenzo di","(1998, 2001)",his,65
51,"Credi, Lorenzo di","(2009, 2016)",Lorenzo,65
51,"Credi, Lorenzo di","(2233, 2236)",his,65
51,"Credi, Lorenzo di","(2243, 2245)",he,65
52,"Credi, Lorenzo di","(0, 2)",He,68
52,"Credi, Lorenzo di","(41, 44)",his,68
52,"Credi, Lorenzo di","(96, 99)",his,68
52,"Credi, Lorenzo di","(145, 147)",He,68
52,"Credi, Lorenzo di","(321, 331)",his master,68
52,"Credi, Lorenzo di","(343, 346)",his,68
52,"Credi, Lorenzo di","(1495, 1502)",Lorenzo,68
52,"Credi, Lorenzo di","(1504, 1506)",he,68
52,"Credi, Lorenzo di","(1537, 1540)",his,68
52,"Credi, Lorenzo di","(1779, 1786)",Lorenzo,68
52,"Credi, Lorenzo di","(1833, 1835)",he,68
52,"Credi, Lorenzo di","(1866, 1869)",his,68
52,"Credi, Lorenzo di","(1982, 1984)",he,68
52,"Credi, Lorenzo di","(2027, 2029)",he,68
52,"Credi, Lorenzo di","(2066, 2069)",his,68
52,"Credi, Lorenzo di","(2084, 2086)",he,68
52,"Credi, Lorenzo di","(2115, 2118)",his,68
52,"Credi, Lorenzo di","(2315, 2317)",he,68
52,"Credi, Lorenzo di","(2355, 2358)",his,68
52,"Credi, Lorenzo di","(2382, 2384)",he,68
52,"Credi, Lorenzo di","(2418, 2420)",he,68
52,"Credi, Lorenzo di","(2433, 2435)",he,68
52,"Lunetti, Tommaso di Stefano","(214, 232)",Tommaso di Stefano,68
52,"Lunetti, Tommaso di Stefano","(300, 307)",Tommaso,68
52,"Lunetti, Tommaso di Stefano","(309, 311)",he,68
52,"Lunetti, Tommaso di Stefano","(321, 324)",his,68
52,"Lunetti, Tommaso di Stefano","(569, 578)",Tommaso's,68
52,"Lunetti, Tommaso di Stefano","(633, 635)",he,68
52,"Lunetti, Tommaso di Stefano","(714, 721)",Tommaso,68
52,"Lunetti, Tommaso di Stefano","(797, 804)",Tommaso,68
52,"Lunetti, Tommaso di Stefano","(812, 815)",his,68
52,"Lunetti, Tommaso di Stefano","(1092, 1094)",he,68
52,"Lunetti, Tommaso di Stefano","(1196, 1198)",he,68
52,"Lunetti, Tommaso di Stefano","(1351, 1353)",he,68
52,"Lunetti, Tommaso di Stefano","(1414, 1416)",he,68
55,"Sanzio, Raffaello (Raffaello da Urbino)","(499, 518)",Raffaello da Urbino,70
55,"Sanzio, Raffaello (Raffaello da Urbino)","(553, 556)",him,70
55,"Sanzio, Raffaello (Raffaello da Urbino)","(614, 629)",the same master,70
55,"Sanzio, Raffaello (Raffaello da Urbino)","(695, 704)",Raffaello,70
56,"Lotti, Lorenzetto (Lorenzo)","(23, 25)",he,71
56,"Lotti, Lorenzetto (Lorenzo)","(56, 59)",his,71
56,"Lotti, Lorenzetto (Lorenzo)","(239, 249)",Lorenzetto,71
56,"Lotti, Lorenzetto (Lorenzo)","(317, 319)",he,71
56,"Lotti, Lorenzetto (Lorenzo)","(395, 397)",he,71
56,"Lotti, Lorenzetto (Lorenzo)","(421, 424)",his,71
56,"Lotti, Lorenzetto (Lorenzo)","(437, 439)",he,71
56,"Lotti, Lorenzetto (Lorenzo)","(689, 696)",Lorenzo,71
56,"Lotti, Lorenzetto (Lorenzo)","(701, 708)",himself,71
56,"Lotti, Lorenzetto (Lorenzo)","(769, 772)",his,71
56,"Lotti, Lorenzetto (Lorenzo)","(869, 871)",he,71
56,"Lotti, Lorenzetto (Lorenzo)","(1110, 1112)",he,71
56,"Lotti, Lorenzetto (Lorenzo)","(1432, 1442)",Lorenzetto,71
56,"Lotti, Lorenzetto (Lorenzo)","(1477, 1480)",his,71
56,"Lotti, Lorenzetto (Lorenzo)","(1494, 1496)",he,71
56,"Lotti, Lorenzetto (Lorenzo)","(1552, 1555)",his,71
56,"Lotti, Lorenzetto (Lorenzo)","(1587, 1590)",his,71
56,"Lotti, Lorenzetto (Lorenzo)","(1785, 1797)",Lorenzetto's,71
56,"Lotti, Lorenzetto (Lorenzo)","(1960, 1967)",Lorenzo,71
56,"Lotti, Lorenzetto (Lorenzo)","(2034, 2036)",he,71
56,"Lotti, Lorenzetto (Lorenzo)","(2053, 2056)",his,71
56,"Sanzio, Raffaello (Raffaello da Urbino)","(571, 590)",Raffaello da Urbino,71
56,"Sanzio, Raffaello (Raffaello da Urbino)","(847, 919)","Raffaello, from  whom he had reason to expect much favour and assistance",71
56,"Sanzio, Raffaello (Raffaello da Urbino)","(1099, 1108)",Raffaello,71
56,"Sanzio, Raffaello (Raffaello da Urbino)","(1696, 1705)",Raffaello,71
57,"Lotti, Lorenzetto (Lorenzo)","(54, 61)",Lorenzo,72
57,"Lotti, Lorenzetto (Lorenzo)","(255, 271)",The same Lorenzo,72
57,"Lotti, Lorenzetto (Lorenzo)","(399, 401)",he,72
57,"Lotti, Lorenzetto (Lorenzo)","(664, 666)",he,72
57,"Lotti, Lorenzetto (Lorenzo)","(754, 756)",he,72
57,"Lotti, Lorenzetto (Lorenzo)","(852, 854)",he,72
57,"Lotti, Lorenzetto (Lorenzo)","(941, 943)",he,72
57,"Lotti, Lorenzetto (Lorenzo)","(1164, 1166)",he,72
57,"Lotti, Lorenzetto (Lorenzo)","(1802, 1811)",Lorenzo's,72
57,"Lotti, Lorenzetto (Lorenzo)","(1818, 1821)",him,72
57,"Lotti, Lorenzetto (Lorenzo)","(1896, 1898)",he,72
57,"Romano, Paolo","(2458, 2470)",Paolo Romano,72
57,"Romano, Paolo","(2682, 2694)",Paolo Romano,72
58,"Lotti, Lorenzetto (Lorenzo)","(118, 125)",Lorenzo,73
58,"Lotti, Lorenzetto (Lorenzo)","(208, 218)",the latter,73
58,"Lotti, Lorenzetto (Lorenzo)","(310, 317)",Lorenzo,73
58,"Lotti, Lorenzetto (Lorenzo)","(393, 395)",he,73
58,"Lotti, Lorenzetto (Lorenzo)","(410, 417)",himself,73
58,"Lotti, Lorenzetto (Lorenzo)","(470, 473)",his,73
58,"Lotti, Lorenzetto (Lorenzo)","(546, 549)",him,73
58,"Lotti, Lorenzetto (Lorenzo)","(561, 564)",him,73
58,"Lotti, Lorenzetto (Lorenzo)","(794, 801)",Lorenzo,73
58,"Lotti, Lorenzetto (Lorenzo)","(932, 939)",Lorenzo,73
58,"Lotti, Lorenzetto (Lorenzo)","(958, 965)",himself,73
58,"Lotti, Lorenzetto (Lorenzo)","(1021, 1023)",he,73
58,"Lotti, Lorenzetto (Lorenzo)","(1158, 1160)",he,73
58,"Lotti, Lorenzetto (Lorenzo)","(1179, 1181)",he,73
58,"Lotti, Lorenzetto (Lorenzo)","(1286, 1289)",him,73
58,"Lotti, Lorenzetto (Lorenzo)","(1297, 1300)",his,73
58,"Lotti, Lorenzetto (Lorenzo)","(1365, 1367)",he,73
58,"Lotti, Lorenzetto (Lorenzo)","(1412, 1423)",this master,73
58,"Lotti, Lorenzetto (Lorenzo)","(1446, 1449)",his,73
58,"Lotti, Lorenzetto (Lorenzo)","(1485, 1488)",him,73
58,"Lotti, Lorenzetto (Lorenzo)","(1531, 1533)",he,73
58,"Lotti, Lorenzetto (Lorenzo)","(1619, 1622)",him,73
58,"Lotti, Lorenzetto (Lorenzo)","(1705, 1715)",LORENZETTO,74
58,"Lotti, Lorenzetto (Lorenzo)","(1759, 1769)",LORENZETTO,73
59,"Boccaccino, Boccaccio|Boccaccino, Camillo","(566, 577)",This master,77
59,"Boccaccino, Boccaccio|Boccaccino, Camillo","(656, 658)",he,77
59,"Boccaccino, Boccaccio|Boccaccino, Camillo","(753, 755)",he,77
59,"Boccaccino, Boccaccio|Boccaccino, Camillo","(804, 806)",he,77
59,"Boccaccino, Boccaccio|Boccaccino, Camillo","(945, 947)",he,77
59,"Boccaccino, Boccaccio|Boccaccino, Camillo","(1986, 1996)",Boccaccino,77
59,"Boccaccino, Boccaccio|Boccaccino, Camillo","(2031, 2033)",he,77
59,"Boccaccino, Boccaccio|Boccaccino, Camillo","(2039, 2046)",himself,77
59,"Boccaccino, Boccaccio|Boccaccino, Camillo","(2152, 2155)",his,77
59,"Boccaccino, Boccaccio|Boccaccino, Camillo","(2222, 2224)",he,77
59,"Boccaccino, Boccaccio|Boccaccino, Camillo","(2310, 2312)",He,77
60,"Boccaccino, Boccaccio|Boccaccino, Camillo","(0, 2)",He,80
60,"Boccaccino, Boccaccio|Boccaccino, Camillo","(10, 13)",his,80
60,"Boccaccino, Boccaccio|Boccaccino, Camillo","(30, 33)",his,80
60,"Boccaccino, Boccaccio|Boccaccino, Camillo","(151, 174)",the boastful Boccaccino,80
60,"Boccaccino, Boccaccio|Boccaccino, Camillo","(837, 847)",Boccaccino,80
60,"Boccaccino, Boccaccio|Boccaccino, Camillo","(893, 896)",his,80
60,"Boccaccino, Boccaccio|Boccaccino, Camillo","(902, 904)",he,80
60,"Boccaccino, Boccaccio|Boccaccino, Camillo","(957, 960)",his,80
64,"Peruzzi, Baldassarre (Baldassarre da Siena)","(28, 31)",him,83
64,"Peruzzi, Baldassarre (Baldassarre da Siena)","(39, 59)",Baldassarre of Siena,83
64,"Peruzzi, Baldassarre (Baldassarre da Siena)","(69, 71)",he,83
64,"Peruzzi, Baldassarre (Baldassarre da Siena)","(297, 308)",Baldassarre,83
64,"Peruzzi, Baldassarre (Baldassarre da Siena)","(374, 377)",him,83
64,"Peruzzi, Baldassarre (Baldassarre da Siena)","(996, 1007)",Baldassarre,83
64,"Peruzzi, Baldassarre (Baldassarre da Siena)","(1176, 1178)",he,83
64,"Peruzzi, Baldassarre (Baldassarre da Siena)","(1187, 1194)",himself,83
64,"Peruzzi, Baldassarre (Baldassarre da Siena)","(1242, 1245)",his,83
64,"Peruzzi, Baldassarre (Baldassarre da Siena)","(1269, 1271)",he,83
64,"Peruzzi, Baldassarre (Baldassarre da Siena)","(1280, 1287)",himself,83
64,"Peruzzi, Baldassarre (Baldassarre da Siena)","(1342, 1344)",he,83
64,"Peruzzi, Baldassarre (Baldassarre da Siena)","(1490, 1492)",he,83
64,"Peruzzi, Baldassarre (Baldassarre da Siena)","(1505, 1507)",he,83
64,"Peruzzi, Baldassarre (Baldassarre da Siena)","(1529, 1536)",himself,83
64,"Peruzzi, Baldassarre (Baldassarre da Siena)","(1538, 1541)",his,83
64,"Peruzzi, Baldassarre (Baldassarre da Siena)","(1554, 1557)",his,83
64,"Peruzzi, Baldassarre (Baldassarre da Siena)","(1570, 1573)",his,83
65,"Peruzzi, Baldassarre (Baldassarre da Siena)","(0, 3)",His,85
65,"Peruzzi, Baldassarre (Baldassarre da Siena)","(140, 142)",he,85
65,"Peruzzi, Baldassarre (Baldassarre da Siena)","(199, 202)",his,85
65,"Peruzzi, Baldassarre (Baldassarre da Siena)","(487, 498)",Baldassarre,85
65,"Peruzzi, Baldassarre (Baldassarre da Siena)","(731, 742)",Baldassarre,85
65,"Peruzzi, Baldassarre (Baldassarre da Siena)","(755, 758)",him,85
65,"Peruzzi, Baldassarre (Baldassarre da Siena)","(796, 799)",him,85
65,"Peruzzi, Baldassarre (Baldassarre da Siena)","(827, 838)",Baldassarre,85
65,"Peruzzi, Baldassarre (Baldassarre da Siena)","(902, 904)",he,85
65,"Peruzzi, Baldassarre (Baldassarre da Siena)","(920, 922)",he,85
65,"Peruzzi, Baldassarre (Baldassarre da Siena)","(973, 976)",his,85
65,"Peruzzi, Baldassarre (Baldassarre da Siena)","(1014, 1016)",he,85
65,"Peruzzi, Baldassarre (Baldassarre da Siena)","(1179, 1182)",his,85
65,"Peruzzi, Baldassarre (Baldassarre da Siena)","(1216, 1219)",him,85
65,"Peruzzi, Baldassarre (Baldassarre da Siena)","(1308, 1310)",he,85
65,"Peruzzi, Baldassarre (Baldassarre da Siena)","(1390, 1392)",he,85
65,"Peruzzi, Baldassarre (Baldassarre da Siena)","(1510, 1512)",he,85
65,"Peruzzi, Baldassarre (Baldassarre da Siena)","(1542, 1544)",he,85
65,"Peruzzi, Baldassarre (Baldassarre da Siena)","(2050, 2052)",he,85
65,"Peruzzi, Baldassarre (Baldassarre da Siena)","(2217, 2219)",he,85
65,"Peruzzi, Baldassarre (Baldassarre da Siena)","(2256, 2258)",he,85
65,"Peruzzi, Baldassarre (Baldassarre da Siena)","(2351, 2362)",Baldassarre,85
65,"Peruzzi, Baldassarre (Baldassarre da Siena)","(2503, 2514)",Baldassarre,85
65,"Peruzzi, Baldassarre (Baldassarre da Siena)","(2522, 2529)",himself,85
65,"Peruzzi, Baldassarre (Baldassarre da Siena)","(2584, 2586)",he,85
65,"Peruzzi, Baldassarre (Baldassarre da Siena)","(2608, 2615)",himself,85
65,"Peruzzi, Baldassarre (Baldassarre da Siena)","(2751, 2753)",he,85
65,"Peruzzi, Baldassarre (Baldassarre da Siena)","(2808, 2811)",him,85
65,"Peruzzi, Baldassarre (Baldassarre da Siena)","(2863, 2865)",He,85
65,"Peruzzi, Baldassarre (Baldassarre da Siena)","(3016, 3018)",he,85
65,"Peruzzi, Baldassarre (Baldassarre da Siena)","(3114, 3125)",Baldassarre,85
65,"Peruzzi, Baldassarre (Baldassarre da Siena)","(3404, 3406)",He,85
65,"Peruzzi, Baldassarre (Baldassarre da Siena)","(3549, 3551)",he,85
65,"Peruzzi, Baldassarre (Baldassarre da Siena)","(3666, 3668)",he,85
65,"Peruzzi, Baldassarre (Baldassarre da Siena)","(3710, 3713)",him,85
66,"Peruzzi, Baldassarre (Baldassarre da Siena)","(39, 42)",him,87
66,"Peruzzi, Baldassarre (Baldassarre da Siena)","(211, 214)",his,87
66,"Peruzzi, Baldassarre (Baldassarre da Siena)","(224, 226)",he,87
66,"Peruzzi, Baldassarre (Baldassarre da Siena)","(543, 554)",Baldassarre,87
67,"Peruzzi, Baldassarre (Baldassarre da Siena)","(0, 11)",Baldassarre,88
67,"Peruzzi, Baldassarre (Baldassarre da Siena)","(162, 164)",he,88
67,"Peruzzi, Baldassarre (Baldassarre da Siena)","(313, 315)",he,88
67,"Peruzzi, Baldassarre (Baldassarre da Siena)","(631, 633)",he,88
67,"Peruzzi, Baldassarre (Baldassarre da Siena)","(640, 643)",his,88
67,"Peruzzi, Baldassarre (Baldassarre da Siena)","(724, 726)",he,88
67,"Peruzzi, Baldassarre (Baldassarre da Siena)","(2349, 2351)",he,88
67,"Peruzzi, Baldassarre (Baldassarre da Siena)","(2429, 2431)",he,88
67,"Peruzzi, Baldassarre (Baldassarre da Siena)","(2521, 2523)",he,88
67,"Peruzzi, Baldassarre (Baldassarre da Siena)","(2625, 2627)",he,88
67,"Peruzzi, Baldassarre (Baldassarre da Siena)","(2705, 2707)",he,88
67,"Peruzzi, Baldassarre (Baldassarre da Siena)","(2890, 2892)",he,88
67,"Peruzzi, Baldassarre (Baldassarre da Siena)","(2943, 2945)",he,88
67,"Peruzzi, Baldassarre (Baldassarre da Siena)","(3100, 3102)",he,88
67,"Peruzzi, Baldassarre (Baldassarre da Siena)","(3302, 3304)",he,88
67,"Peruzzi, Baldassarre (Baldassarre da Siena)","(3371, 3373)",he,88
67,"Peruzzi, Baldassarre (Baldassarre da Siena)","(3424, 3426)",he,88
68,"Peruzzi, Baldassarre (Baldassarre da Siena)","(95, 97)",he,91
68,"Peruzzi, Baldassarre (Baldassarre da Siena)","(150, 152)",he,91
68,"Peruzzi, Baldassarre (Baldassarre da Siena)","(376, 378)",he,91
68,"Peruzzi, Baldassarre (Baldassarre da Siena)","(536, 538)",he,91
68,"Peruzzi, Baldassarre (Baldassarre da Siena)","(844, 846)",he,91
68,"Peruzzi, Baldassarre (Baldassarre da Siena)","(1235, 1246)",Baldassarre,91
68,"Peruzzi, Baldassarre (Baldassarre da Siena)","(1488, 1491)",his,91
68,"Peruzzi, Baldassarre (Baldassarre da Siena)","(1561, 1563)",he,91
68,"Peruzzi, Baldassarre (Baldassarre da Siena)","(1658, 1669)",Baldassarre,91
68,"Peruzzi, Baldassarre (Baldassarre da Siena)","(1820, 1823)",his,91
69,"Peruzzi, Baldassarre (Baldassarre da Siena)","(0, 2)",He,92
69,"Peruzzi, Baldassarre (Baldassarre da Siena)","(133, 135)",he,92
69,"Peruzzi, Baldassarre (Baldassarre da Siena)","(367, 378)",Baldassarre,92
69,"Peruzzi, Baldassarre (Baldassarre da Siena)","(554, 568)",this craftsman,92
69,"Peruzzi, Baldassarre (Baldassarre da Siena)","(595, 598)",his,92
69,"Peruzzi, Baldassarre (Baldassarre da Siena)","(640, 643)",his,92
69,"Peruzzi, Baldassarre (Baldassarre da Siena)","(681, 683)",he,92
69,"Peruzzi, Baldassarre (Baldassarre da Siena)","(761, 764)",his,92
69,"Peruzzi, Baldassarre (Baldassarre da Siena)","(778, 780)",he,92
69,"Peruzzi, Baldassarre (Baldassarre da Siena)","(852, 854)",He,92
69,"Peruzzi, Baldassarre (Baldassarre da Siena)","(936, 939)",his,92
69,"Peruzzi, Baldassarre (Baldassarre da Siena)","(1032, 1047)",our Baldassarre,92
69,"Peruzzi, Baldassarre (Baldassarre da Siena)","(1136, 1147)",Baldassarre,92
69,"Peruzzi, Baldassarre (Baldassarre da Siena)","(1238, 1240)",he,92
69,"Peruzzi, Baldassarre (Baldassarre da Siena)","(1312, 1314)",he,92
69,"Peruzzi, Baldassarre (Baldassarre da Siena)","(1713, 1724)",Baldassarre,92
69,"Peruzzi, Baldassarre (Baldassarre da Siena)","(1873, 1875)",he,92
69,"Peruzzi, Baldassarre (Baldassarre da Siena)","(2197, 2199)",He,92
70,"Peruzzi, Baldassarre (Baldassarre da Siena)","(66, 68)",he,94
70,"Peruzzi, Baldassarre (Baldassarre da Siena)","(114, 116)",He,94
70,"Peruzzi, Baldassarre (Baldassarre da Siena)","(285, 287)",he,94
70,"Peruzzi, Baldassarre (Baldassarre da Siena)","(513, 533)",our poor Baldassarre,94
70,"Peruzzi, Baldassarre (Baldassarre da Siena)","(593, 596)",his,94
70,"Peruzzi, Baldassarre (Baldassarre da Siena)","(661, 663)",he,94
70,"Peruzzi, Baldassarre (Baldassarre da Siena)","(724, 727)",him,94
70,"Peruzzi, Baldassarre (Baldassarre da Siena)","(871, 873)",he,94
70,"Peruzzi, Baldassarre (Baldassarre da Siena)","(1048, 1059)",Baldassarre,94
70,"Peruzzi, Baldassarre (Baldassarre da Siena)","(1204, 1215)",Baldassarre,94
70,"Peruzzi, Baldassarre (Baldassarre da Siena)","(1285, 1287)",he,94
70,"Peruzzi, Baldassarre (Baldassarre da Siena)","(1348, 1350)",he,94
70,"Peruzzi, Baldassarre (Baldassarre da Siena)","(1368, 1371)",his,94
70,"Peruzzi, Baldassarre (Baldassarre da Siena)","(1388, 1390)",he,94
70,"Peruzzi, Baldassarre (Baldassarre da Siena)","(1433, 1436)",his,94
70,"Peruzzi, Baldassarre (Baldassarre da Siena)","(1475, 1477)",he,94
70,"Peruzzi, Baldassarre (Baldassarre da Siena)","(1550, 1552)",he,94
70,"Peruzzi, Baldassarre (Baldassarre da Siena)","(1564, 1567)",his,94
70,"Peruzzi, Baldassarre (Baldassarre da Siena)","(1627, 1629)",he,94
70,"Peruzzi, Baldassarre (Baldassarre da Siena)","(1666, 1668)",he,94
70,"Peruzzi, Baldassarre (Baldassarre da Siena)","(1697, 1699)",he,94
70,"Peruzzi, Baldassarre (Baldassarre da Siena)","(1732, 1735)",his,94
71,"Peruzzi, Baldassarre (Baldassarre da Siena)","(111, 122)",Baldassarre,96
71,"Peruzzi, Baldassarre (Baldassarre da Siena)","(224, 227)",his,96
71,"Peruzzi, Baldassarre (Baldassarre da Siena)","(309, 320)",Baldassarre,96
71,"Peruzzi, Baldassarre (Baldassarre da Siena)","(344, 347)",his,96
71,"Peruzzi, Baldassarre (Baldassarre da Siena)","(475, 478)",his,96
71,"Peruzzi, Baldassarre (Baldassarre da Siena)","(561, 564)",him,96
71,"Peruzzi, Baldassarre (Baldassarre da Siena)","(616, 627)",Baldassarre,96
71,"Peruzzi, Baldassarre (Baldassarre da Siena)","(715, 717)",he,96
71,"Peruzzi, Baldassarre (Baldassarre da Siena)","(769, 772)",him,96
71,"Peruzzi, Baldassarre (Baldassarre da Siena)","(807, 810)",his,96
71,"Peruzzi, Baldassarre (Baldassarre da Siena)","(832, 834)",He,96
71,"Peruzzi, Baldassarre (Baldassarre da Siena)","(914, 916)",he,96
71,"Peruzzi, Baldassarre (Baldassarre da Siena)","(1082, 1084)",he,96
71,"Peruzzi, Baldassarre (Baldassarre da Siena)","(1176, 1178)",he,96
71,"Peruzzi, Baldassarre (Baldassarre da Siena)","(1199, 1201)",he,96
71,"Peruzzi, Baldassarre (Baldassarre da Siena)","(1441, 1444)",his,96
71,"Peruzzi, Baldassarre (Baldassarre da Siena)","(1581, 1583)",he,96
71,"Peruzzi, Baldassarre (Baldassarre da Siena)","(1717, 1719)",he,96
71,"Peruzzi, Baldassarre (Baldassarre da Siena)","(1888, 1890)",he,96
71,"Peruzzi, Baldassarre (Baldassarre da Siena)","(1935, 1937)",he,96
71,"Peruzzi, Baldassarre (Baldassarre da Siena)","(2006, 2026)",this noble craftsman,96
71,"Peruzzi, Baldassarre (Baldassarre da Siena)","(2091, 2098)",himself,96
71,"Peruzzi, Baldassarre (Baldassarre da Siena)","(2111, 2113)",he,96
71,"Peruzzi, Baldassarre (Baldassarre da Siena)","(2208, 2211)",him,96
71,"Peruzzi, Baldassarre (Baldassarre da Siena)","(2546, 2557)",Baldassarre,96
71,Vitruvius,"(1264, 1273)",Vitruvius,96
71,Vitruvius,"(1344, 1355)",that author,96
72,"Peruzzi, Baldassarre (Baldassarre da Siena)","(21, 24)",his,99
72,"Peruzzi, Baldassarre (Baldassarre da Siena)","(37, 48)",Baldassarre,99
72,"Peruzzi, Baldassarre (Baldassarre da Siena)","(55, 62)",himself,99
72,"Peruzzi, Baldassarre (Baldassarre da Siena)","(88, 91)",his,99
72,"Peruzzi, Baldassarre (Baldassarre da Siena)","(154, 156)",he,99
72,"Peruzzi, Baldassarre (Baldassarre da Siena)","(190, 193)",his,99
72,"Peruzzi, Baldassarre (Baldassarre da Siena)","(383, 386)",him,99
72,"Peruzzi, Baldassarre (Baldassarre da Siena)","(432, 435)",him,99
72,"Peruzzi, Baldassarre (Baldassarre da Siena)","(467, 470)",his,99
72,"Peruzzi, Baldassarre (Baldassarre da Siena)","(555, 558)",his,99
72,"Peruzzi, Baldassarre (Baldassarre da Siena)","(616, 619)",his,99
72,"Peruzzi, Baldassarre (Baldassarre da Siena)","(638, 640)",he,99
72,"Peruzzi, Baldassarre (Baldassarre da Siena)","(733, 735)",he,99
72,"Peruzzi, Baldassarre (Baldassarre da Siena)","(768, 771)",his,99
72,"Peruzzi, Baldassarre (Baldassarre da Siena)","(797, 800)",his,99
72,"Peruzzi, Baldassarre (Baldassarre da Siena)","(822, 825)",his,99
72,"Peruzzi, Baldassarre (Baldassarre da Siena)","(839, 841)",he,99
72,"Peruzzi, Baldassarre (Baldassarre da Siena)","(871, 873)",he,99
72,"Peruzzi, Baldassarre (Baldassarre da Siena)","(892, 894)",He,99
72,"Peruzzi, Baldassarre (Baldassarre da Siena)","(916, 919)",his,99
72,"Peruzzi, Baldassarre (Baldassarre da Siena)","(933, 936)",his,99
72,"Peruzzi, Baldassarre (Baldassarre da Siena)","(950, 952)",he,99
72,"Peruzzi, Baldassarre (Baldassarre da Siena)","(1034, 1036)",he,99
72,"Peruzzi, Baldassarre (Baldassarre da Siena)","(1112, 1115)",him,99
72,"Peruzzi, Baldassarre (Baldassarre da Siena)","(1137, 1140)",him,99
73,"Peruzzi, Baldassarre (Baldassarre da Siena)","(21, 32)",Baldassarre,101
73,"Peruzzi, Baldassarre (Baldassarre da Siena)","(54, 57)",his,101
73,"Peruzzi, Baldassarre (Baldassarre da Siena)","(90, 93)",his,101
73,"Peruzzi, Baldassarre (Baldassarre da Siena)","(129, 132)",his,101
73,"Peruzzi, Baldassarre (Baldassarre da Siena)","(244, 246)",he,101
73,"Peruzzi, Baldassarre (Baldassarre da Siena)","(408, 419)",Baldassarre,101
73,"Peruzzi, Baldassarre (Baldassarre da Siena)","(538, 549)",Baldassarre,101
73,"Peruzzi, Baldassarre (Baldassarre da Siena)","(738, 749)",Baldassarre,101
73,"Peruzzi, Baldassarre (Baldassarre da Siena)","(865, 876)",Baldassarre,101
73,"Peruzzi, Baldassarre (Baldassarre da Siena)","(1042, 1045)",his,101
73,"Peruzzi, Baldassarre (Baldassarre da Siena)","(1232, 1243)",Baldassarre,101
73,"Peruzzi, Baldassarre (Baldassarre da Siena)","(1383, 1394)",Baldassarre,101
73,"Peruzzi, Baldassarre (Baldassarre da Siena)","(1707, 1718)",Baldassarre,101
73,"Peruzzi, Baldassarre (Baldassarre da Siena)","(1899, 1902)",his,101
73,"Peruzzi, Baldassarre (Baldassarre da Siena)","(2826, 2828)",he,101
73,"Peruzzi, Baldassarre (Baldassarre da Siena)","(2933, 2936)",him,101
73,"Peruzzi, Baldassarre (Baldassarre da Siena)","(2946, 2949)",his,101
73,"Peruzzi, Baldassarre (Baldassarre da Siena)","(2962, 2964)",he,101
73,"Peruzzi, Baldassarre (Baldassarre da Siena)","(3020, 3022)",he,101
73,"Peruzzi, Baldassarre (Baldassarre da Siena)","(3075, 3077)",he,101
73,"Peruzzi, Baldassarre (Baldassarre da Siena)","(3091, 3094)",his,101
73,"Peruzzi, Baldassarre (Baldassarre da Siena)","(3191, 3193)",he,101
73,"Peruzzi, Baldassarre (Baldassarre da Siena)","(3230, 3233)",him,101
73,"Tozzo, Antonio del (Antonio del Rozzo)","(266, 286)",Antonio da San Gallo,101
73,"Tozzo, Antonio del (Antonio del Rozzo)","(302, 309)",Antonio,101
73,"Tozzo, Antonio del (Antonio del Rozzo)","(317, 320)",his,101
73,"Tozzo, Antonio del (Antonio del Rozzo)","(363, 366)",him,101
73,"Tozzo, Antonio del (Antonio del Rozzo)","(420, 422)",he,101
74,"Peruzzi, Baldassarre (Baldassarre da Siena)","(0, 11)",Baldassarre,102
74,"Peruzzi, Baldassarre (Baldassarre da Siena)","(201, 204)",his,102
74,"Peruzzi, Baldassarre (Baldassarre da Siena)","(836, 908)","Baldassarre, who was always courteous, modest, and gentle with every man",102
77,"Sanzio, Raffaello (Raffaello da Urbino)","(247, 266)",Raffaello da Urbino,104
77,"Sanzio, Raffaello (Raffaello da Urbino)","(281, 284)",his,104
77,"Sanzio, Raffaello (Raffaello da Urbino)","(380, 383)",his,104
77,"Sanzio, Raffaello (Raffaello da Urbino)","(409, 412)",his,104
77,"Sanzio, Raffaello (Raffaello da Urbino)","(428, 430)",he,104
77,"Sanzio, Raffaello (Raffaello da Urbino)","(497, 500)",his,104
77,"Sanzio, Raffaello (Raffaello da Urbino)","(512, 515)",his,104
77,"Sanzio, Raffaello (Raffaello da Urbino)","(617, 626)",Raffaello,104
77,"Sanzio, Raffaello (Raffaello da Urbino)","(723, 732)",Raffaello,104
77,"Romano, Giulio (Giulio Pippi de' Giannuzzi)","(322, 335)",Giulio Romano,104
77,"Romano, Giulio (Giulio Pippi de' Giannuzzi)","(462, 471)",the other,104
78,"Sanzio, Raffaello (Raffaello da Urbino)","(610, 619)",Raffaello,105
78,"Sanzio, Raffaello (Raffaello da Urbino)","(848, 857)",Raffaello,105
78,"Sanzio, Raffaello (Raffaello da Urbino)","(1054, 1063)",Raffaello,105
78,"Sanzio, Raffaello (Raffaello da Urbino)","(1575, 1584)",Raffaello,105
78,"Sanzio, Raffaello (Raffaello da Urbino)","(1676, 1679)",his,105
78,"Sanzio, Raffaello (Raffaello da Urbino)","(1758, 1769)",Raffaello's,105
78,"Sanzio, Raffaello (Raffaello da Urbino)","(1834, 1836)",he,105
78,"Sanzio, Raffaello (Raffaello da Urbino)","(2148, 2157)",Raffaello,105
78,"Romano, Giulio (Giulio Pippi de' Giannuzzi)","(1627, 1640)",Giulio Romano,106
78,"Romano, Giulio (Giulio Pippi de' Giannuzzi)","(2350, 2356)",Giulio,105
79,"Sanzio, Raffaello (Raffaello da Urbino)","(88, 97)",Raffaello,108
79,"Sanzio, Raffaello (Raffaello da Urbino)","(174, 183)",Raffaello,108
79,"Sanzio, Raffaello (Raffaello da Urbino)","(364, 373)",Raffaello,108
79,"Romano, Giulio (Giulio Pippi de' Giannuzzi)","(379, 385)",Giulio,108
79,"Romano, Giulio (Giulio Pippi de' Giannuzzi)","(412, 414)",he,108
79,"Romano, Giulio (Giulio Pippi de' Giannuzzi)","(558, 564)",Giulio,108
79,"Romano, Giulio (Giulio Pippi de' Giannuzzi)","(636, 642)",Giulio,108
80,"Pistoia, Il (Leonardo)","(33, 168)","Leonardo, called Il Pistoia because he came from that city, who executed some works at Lucca, and made many portraits from life in Rome",110
80,"Pistoia, Il (Leonardo)","(69, 71)",he,110
80,"Pistoia, Il (Leonardo)","(240, 242)",he,110
80,"Pistoia, Il (Leonardo)","(349, 351)",he,110
80,"Pistoia, Il (Leonardo)","(530, 538)",Leonardo,110
80,"Pistoia, Il (Leonardo)","(591, 593)",he,110
80,"Pistoia, Il (Leonardo)","(618, 620)",he,110
80,"Pistoia, Il (Leonardo)","(653, 656)",his,110
80,"Pistoia, Il (Leonardo)","(675, 677)",he,110
80,"Pistoia, Il (Leonardo)","(709, 712)",him,110
80,"Sanzio, Raffaello (Raffaello da Urbino)","(941, 950)",Raffaello,111
80,"Sanzio, Raffaello (Raffaello da Urbino)","(1100, 1119)",Raffaello da Urbino,110
80,"Sanzio, Raffaello (Raffaello da Urbino)","(1263, 1318)","Raffaello, who never refused anything to men of ability",110
80,"Sanzio, Raffaello (Raffaello da Urbino)","(1496, 1505)",Raffaello,110
80,"Sanzio, Raffaello (Raffaello da Urbino)","(1722, 1731)",Raffaello,110
80,"Sanzio, Raffaello (Raffaello da Urbino)","(1853, 1862)",Raffaello,110
80,"Sanzio, Raffaello (Raffaello da Urbino)","(2527, 2547)",his master Raffaello,110
80,"Modena, Pellegrino da (Pellegrino degli Aretusi, or de' Munari)","(1002, 1005)",his,111
80,"Modena, Pellegrino da (Pellegrino degli Aretusi, or de' Munari)","(1203, 1206)",him,110
80,"Modena, Pellegrino da (Pellegrino degli Aretusi, or de' Munari)","(1239, 1241)",he,110
80,"Modena, Pellegrino da (Pellegrino degli Aretusi, or de' Munari)","(1249, 1256)",himself,110
80,"Modena, Pellegrino da (Pellegrino degli Aretusi, or de' Munari)","(1545, 1555)",Pellegrino,110
80,"Modena, Pellegrino da (Pellegrino degli Aretusi, or de' Munari)","(1587, 1590)",his,110
80,"Modena, Pellegrino da (Pellegrino degli Aretusi, or de' Munari)","(1685, 1688)",his,110
80,"Modena, Pellegrino da (Pellegrino degli Aretusi, or de' Munari)","(1753, 1763)",Pellegrino,110
80,"Modena, Pellegrino da (Pellegrino degli Aretusi, or de' Munari)","(1836, 1838)",he,110
80,"Modena, Pellegrino da (Pellegrino degli Aretusi, or de' Munari)","(1886, 1889)",him,110
80,"Modena, Pellegrino da (Pellegrino degli Aretusi, or de' Munari)","(1911, 1913)",He,110
80,"Modena, Pellegrino da (Pellegrino degli Aretusi, or de' Munari)","(2075, 2077)",he,110
80,"Modena, Pellegrino da (Pellegrino degli Aretusi, or de' Munari)","(2399, 2409)",Pellegrino,110
80,"Modena, Pellegrino da (Pellegrino degli Aretusi, or de' Munari)","(2499, 2502)",his,110
80,"Modena, Pellegrino da (Pellegrino degli Aretusi, or de' Munari)","(2527, 2530)",his,110
80,"Modena, Pellegrino da (Pellegrino degli Aretusi, or de' Munari)","(2613, 2616)",him,110
80,"Modena, Pellegrino da (Pellegrino degli Aretusi, or de' Munari)","(2705, 2707)",he,110
80,"Modena, Pellegrino da (Pellegrino degli Aretusi, or de' Munari)","(2742, 2749)",himself,110
81,"Modena, Pellegrino da (Pellegrino degli Aretusi, or de' Munari)","(49, 59)",Pellegrino,114
81,"Modena, Pellegrino da (Pellegrino degli Aretusi, or de' Munari)","(86, 88)",he,114
81,"Modena, Pellegrino da (Pellegrino degli Aretusi, or de' Munari)","(124, 126)",he,114
81,"Modena, Pellegrino da (Pellegrino degli Aretusi, or de' Munari)","(360, 362)",he,114
81,"Modena, Pellegrino da (Pellegrino degli Aretusi, or de' Munari)","(395, 398)",his,114
81,"Modena, Pellegrino da (Pellegrino degli Aretusi, or de' Munari)","(539, 549)",Pellegrino,114
81,"Modena, Pellegrino da (Pellegrino degli Aretusi, or de' Munari)","(551, 553)",he,114
81,"Modena, Pellegrino da (Pellegrino degli Aretusi, or de' Munari)","(572, 575)",his,114
81,"Modena, Pellegrino da (Pellegrino degli Aretusi, or de' Munari)","(653, 655)",he,114
81,"Modena, Pellegrino da (Pellegrino degli Aretusi, or de' Munari)","(678, 681)",his,114
81,"Modena, Pellegrino da (Pellegrino degli Aretusi, or de' Munari)","(694, 696)",he,114
81,"Modena, Pellegrino da (Pellegrino degli Aretusi, or de' Munari)","(914, 917)",his,114
81,"Modena, Pellegrino da (Pellegrino degli Aretusi, or de' Munari)","(928, 931)",him,114
81,"Modena, Pellegrino da (Pellegrino degli Aretusi, or de' Munari)","(962, 965)",him,114
81,"Modena, Pellegrino da (Pellegrino degli Aretusi, or de' Munari)","(1070, 1080)",Pellegrino,114
81,"Modena, Pellegrino da (Pellegrino degli Aretusi, or de' Munari)","(1155, 1169)",this craftsman,114
85,"Sarto, Andrea del (Andrea d' Agnolo)","(338, 344)",Andrea,116
85,"Sarto, Andrea del (Andrea d' Agnolo)","(419, 422)",his,116
85,"Sarto, Andrea del (Andrea d' Agnolo)","(455, 458)",his,116
85,"Sarto, Andrea del (Andrea d' Agnolo)","(480, 482)",he,116
85,"Sarto, Andrea del (Andrea d' Agnolo)","(582, 585)",his,116
85,"Sarto, Andrea del (Andrea d' Agnolo)","(641, 644)",him,116
85,"Sarto, Andrea del (Andrea d' Agnolo)","(699, 702)",his,116
85,"Sarto, Andrea del (Andrea d' Agnolo)","(736, 739)",him,116
85,"Sarto, Andrea del (Andrea d' Agnolo)","(783, 785)",he,116
85,"Sarto, Andrea del (Andrea d' Agnolo)","(898, 901)",His,116
85,"Sarto, Andrea del (Andrea d' Agnolo)","(1055, 1058)",his,116
85,"Sarto, Andrea del (Andrea d' Agnolo)","(1204, 1207)",his,116
85,"Sarto, Andrea del (Andrea d' Agnolo)","(1249, 1252)",his,116
85,"Sarto, Andrea del (Andrea d' Agnolo)","(1293, 1296)",his,116
85,"Sarto, Andrea del (Andrea d' Agnolo)","(1325, 1327)",he,116
86,"Sarto, Andrea del (Andrea d' Agnolo)","(0, 6)",Andrea,117
86,"Sarto, Andrea del (Andrea d' Agnolo)","(97, 99)",he,117
86,"Sarto, Andrea del (Andrea d' Agnolo)","(181, 183)",he,117
86,"Sarto, Andrea del (Andrea d' Agnolo)","(204, 207)",his,117
86,"Sarto, Andrea del (Andrea d' Agnolo)","(289, 291)",he,117
86,"Sarto, Andrea del (Andrea d' Agnolo)","(333, 336)",his,117
86,"Sarto, Andrea del (Andrea d' Agnolo)","(364, 366)",he,117
86,"Sarto, Andrea del (Andrea d' Agnolo)","(569, 578)",the boy's,117
86,"Sarto, Andrea del (Andrea d' Agnolo)","(608, 611)",him,117
86,"Sarto, Andrea del (Andrea d' Agnolo)","(646, 649)",him,117
86,"Sarto, Andrea del (Andrea d' Agnolo)","(658, 661)",his,117
86,"Sarto, Andrea del (Andrea d' Agnolo)","(690, 693)",him,117
86,"Sarto, Andrea del (Andrea d' Agnolo)","(718, 724)",Andrea,117
86,"Sarto, Andrea del (Andrea d' Agnolo)","(805, 808)",him,117
86,"Sarto, Andrea del (Andrea d' Agnolo)","(876, 878)",he,117
86,"Sarto, Andrea del (Andrea d' Agnolo)","(1033, 1035)",he,117
86,"Sarto, Andrea del (Andrea d' Agnolo)","(1075, 1078)",his,117
86,"Sarto, Andrea del (Andrea d' Agnolo)","(1127, 1130)",his,117
86,"Sarto, Andrea del (Andrea d' Agnolo)","(1139, 1146)",the boy,117
86,"Sarto, Andrea del (Andrea d' Agnolo)","(1222, 1225)",him,117
86,"Sarto, Andrea del (Andrea d' Agnolo)","(1326, 1332)",Andrea,117
86,"Sarto, Andrea del (Andrea d' Agnolo)","(1349, 1355)",Andrea,117
86,"Sarto, Andrea del (Andrea d' Agnolo)","(1459, 1462)",him,117
86,"Sarto, Andrea del (Andrea d' Agnolo)","(1494, 1497)",him,117
86,"Sarto, Andrea del (Andrea d' Agnolo)","(1504, 1506)",he,117
86,"Sarto, Andrea del (Andrea d' Agnolo)","(1527, 1530)",his,117
86,"Sarto, Andrea del (Andrea d' Agnolo)","(1564, 1566)",he,117
86,"Sarto, Andrea del (Andrea d' Agnolo)","(1653, 1656)",him,117
86,"Sarto, Andrea del (Andrea d' Agnolo)","(1707, 1713)",Andrea,117
86,"Sarto, Andrea del (Andrea d' Agnolo)","(1730, 1737)",himself,117
86,"Sarto, Andrea del (Andrea d' Agnolo)","(1767, 1769)",he,117
86,"Sarto, Andrea del (Andrea d' Agnolo)","(1943, 1945)",he,117
86,"Sarto, Andrea del (Andrea d' Agnolo)","(1951, 1953)",he,117
86,"Barile, Gian (of Florence)","(486, 555)","Gian Barile, a painter of Florence, but one of gross and vulgar taste",117
86,"Barile, Gian (of Florence)","(618, 621)",his,117
86,"Barile, Gian (of Florence)","(924, 935)",Gian Barile,117
86,"Barile, Gian (of Florence)","(1089, 1100)",Gian Barile,117
86,"Barile, Gian (of Florence)","(1316, 1318)",he,117
86,"Cosimo, Piero di","(1229, 1314)","Piero di Cosimo, who was held at that time to be one of the best painters in Florence",117
86,"Cosimo, Piero di","(1338, 1343)",Piero,117
86,"Cosimo, Piero di","(1611, 1616)",Piero,117
87,Franciabigio (Francia),"(33, 142)","one who pleased Andrea more than any other with his nature and conversation, namely, the painter Franciabigio",118
87,Franciabigio (Francia),"(81, 84)",his,118
87,Franciabigio (Francia),"(148, 160)",Franciabigio,118
87,Franciabigio (Francia),"(246, 258)",Franciabigio,118
87,Franciabigio (Francia),"(407, 532)","Franciabigio, who was obliged to do the same thing because his master Mariotto Albertinelli had abandoned the art of painting",118
87,Franciabigio (Francia),"(466, 469)",his,118
87,Franciabigio (Francia),"(542, 545)",his,118
87,Franciabigio (Francia),"(568, 570)",he,118
87,Franciabigio (Francia),"(944, 956)",Franciabigio,118
87,"Sarto, Andrea del (Andrea d' Agnolo)","(49, 55)",Andrea,118
87,"Sarto, Andrea del (Andrea d' Agnolo)","(189, 195)",Andrea,118
87,"Sarto, Andrea del (Andrea d' Agnolo)","(231, 237)",Andrea,118
87,"Sarto, Andrea del (Andrea d' Agnolo)","(264, 266)",he,118
87,"Sarto, Andrea del (Andrea d' Agnolo)","(355, 357)",he,118
87,"Sarto, Andrea del (Andrea d' Agnolo)","(384, 391)",himself,118
87,"Sarto, Andrea del (Andrea d' Agnolo)","(542, 562)",his companion Andrea,118
87,"Sarto, Andrea del (Andrea d' Agnolo)","(1727, 1733)",Andrea,118
87,"Sarto, Andrea del (Andrea d' Agnolo)","(1851, 1853)",he,118
87,"Sarto, Andrea del (Andrea d' Agnolo)","(2040, 2043)",his,118
87,"Sarto, Andrea del (Andrea d' Agnolo)","(2058, 2060)",he,118
87,"Sarto, Andrea del (Andrea d' Agnolo)","(2181, 2183)",he,118
87,"Sarto, Andrea del (Andrea d' Agnolo)","(2263, 2266)",him,118
87,"Sarto, Andrea del (Andrea d' Agnolo)","(2402, 2405)",his,118
87,"Sarto, Andrea del (Andrea d' Agnolo)","(2434, 2437)",his,118
88,"Contucci, Andrea (Andrea Sansovino)|Sarto, Andrea del (Andrea d' Agnolo)","(23, 25)",he,120
88,"Contucci, Andrea (Andrea Sansovino)|Sarto, Andrea del (Andrea d' Agnolo)","(53, 55)",he,120
88,"Contucci, Andrea (Andrea Sansovino)|Sarto, Andrea del (Andrea d' Agnolo)","(201, 203)",he,120
88,"Contucci, Andrea (Andrea Sansovino)|Sarto, Andrea del (Andrea d' Agnolo)","(593, 596)",his,120
88,"Contucci, Andrea (Andrea Sansovino)|Sarto, Andrea del (Andrea d' Agnolo)","(802, 808)",Andrea,120
88,"Contucci, Andrea (Andrea Sansovino)|Sarto, Andrea del (Andrea d' Agnolo)","(949, 955)",Andrea,120
88,"Contucci, Andrea (Andrea Sansovino)|Sarto, Andrea del (Andrea d' Agnolo)","(1394, 1400)",Andrea,120
88,"Sansovino, Jacopo (Jacopo Tatti)","(960, 1082)","Jacopo Sansovino, who was then a young man and was working at sculpture in the same place under his master Andrea Contucci",120
88,"Sansovino, Jacopo (Jacopo Tatti)","(1056, 1059)",his,120
88,"Sansovino, Jacopo (Jacopo Tatti)","(1447, 1453)",Jacopo,120
89,"Sarto, Andrea del (Andrea d' Agnolo)","(199, 205)",Andrea,122
89,"Sarto, Andrea del (Andrea d' Agnolo)","(231, 233)",he,122
89,"Sarto, Andrea del (Andrea d' Agnolo)","(384, 427)","Andrea, who was a mild and guileless fellow",122
89,"Sarto, Andrea del (Andrea d' Agnolo)","(444, 447)",his,122
89,"Sarto, Andrea del (Andrea d' Agnolo)","(477, 480)",him,122
89,"Sarto, Andrea del (Andrea d' Agnolo)","(534, 537)",him,122
89,"Sarto, Andrea del (Andrea d' Agnolo)","(568, 571)",him,122
89,"Sarto, Andrea del (Andrea d' Agnolo)","(605, 608)",him,122
89,"Sarto, Andrea del (Andrea d' Agnolo)","(638, 640)",he,122
89,"Sarto, Andrea del (Andrea d' Agnolo)","(1237, 1243)",Andrea,122
89,"Sarto, Andrea del (Andrea d' Agnolo)","(1504, 1510)",Andrea,122
89,"Sarto, Andrea del (Andrea d' Agnolo)","(1525, 1528)",him,122
89,"Sarto, Andrea del (Andrea d' Agnolo)","(1578, 1581)",him,122
89,"Sarto, Andrea del (Andrea d' Agnolo)","(1636, 1638)",he,122
89,"Sarto, Andrea del (Andrea d' Agnolo)","(1736, 1738)",he,122
89,"Sarto, Andrea del (Andrea d' Agnolo)","(1884, 1886)",he,122
89,"Sarto, Andrea del (Andrea d' Agnolo)","(2044, 2047)",him,122
89,"Sarto, Andrea del (Andrea d' Agnolo)","(2084, 2090)",Andrea,122
89,"Sarto, Andrea del (Andrea d' Agnolo)","(2140, 2142)",he,122
89,"Sarto, Andrea del (Andrea d' Agnolo)","(2218, 2221)",him,122
89,"Sarto, Andrea del (Andrea d' Agnolo)","(2233, 2236)",his,122
89,"Sarto, Andrea del (Andrea d' Agnolo)","(2441, 2444)",him,122
89,"Sarto, Andrea del (Andrea d' Agnolo)","(2455, 2458)",him,122
89,"Sarto, Andrea del (Andrea d' Agnolo)","(2480, 2482)",he,122
89,"Sarto, Andrea del (Andrea d' Agnolo)","(2620, 2626)",Andrea,122
89,"Sarto, Andrea del (Andrea d' Agnolo)","(2646, 2649)",him,122
89,"Sarto, Andrea del (Andrea d' Agnolo)","(2738, 2749)",the painter,122
89,Franciabigio (Francia),"(1930, 2047)","Franciabigio, who, in order to make himself known, had offered to accept it and to leave the matter of payment to him",122
89,Franciabigio (Francia),"(1966, 1973)",himself,122
89,Franciabigio (Francia),"(2197, 2209)",Franciabigio,122
90,"Robbia, Andrea della|Sarto, Andrea del (Andrea d' Agnolo)","(0, 6)",Andrea,123
90,"Robbia, Andrea della|Sarto, Andrea del (Andrea d' Agnolo)","(1051, 1057)",Andrea,123
90,"Robbia, Andrea della|Sarto, Andrea del (Andrea d' Agnolo)","(1225, 1227)",he,123
90,"Robbia, Andrea della|Sarto, Andrea del (Andrea d' Agnolo)","(1446, 1452)",Andrea,123
90,"Robbia, Andrea della|Sarto, Andrea del (Andrea d' Agnolo)","(1475, 1477)",he,123
90,"Robbia, Andrea della|Sarto, Andrea del (Andrea d' Agnolo)","(1894, 1896)",he,123
90,"Robbia, Andrea della|Sarto, Andrea del (Andrea d' Agnolo)","(1999, 2001)",he,123
90,"Robbia, Andrea della|Sarto, Andrea del (Andrea d' Agnolo)","(2153, 2155)",he,123
90,"Robbia, Andrea della|Sarto, Andrea del (Andrea d' Agnolo)","(2172, 2175)",his,123
90,"Robbia, Andrea della|Sarto, Andrea del (Andrea d' Agnolo)","(2256, 2258)",he,123
90,"Robbia, Andrea della|Sarto, Andrea del (Andrea d' Agnolo)","(2293, 2299)",Andrea,123
90,"Robbia, Andrea della|Sarto, Andrea del (Andrea d' Agnolo)","(2342, 2345)",his,123
90,"Robbia, Andrea della|Sarto, Andrea del (Andrea d' Agnolo)","(2505, 2511)",Andrea,123
90,"Robbia, Andrea della|Sarto, Andrea del (Andrea d' Agnolo)","(2626, 2629)",him,123
90,"Robbia, Andrea della|Sarto, Andrea del (Andrea d' Agnolo)","(2635, 2638)",his,123
90,"Robbia, Andrea della|Sarto, Andrea del (Andrea d' Agnolo)","(2652, 2658)",Andrea,123
90,"Robbia, Andrea della|Sarto, Andrea del (Andrea d' Agnolo)","(2680, 2682)",he,123
90,"Robbia, Andrea della|Sarto, Andrea del (Andrea d' Agnolo)","(2716, 2719)",his,123
91,"Sarto, Andrea del (Andrea d' Agnolo)","(58, 64)",Andrea,125
91,"Sarto, Andrea del (Andrea d' Agnolo)","(379, 381)",he,125
91,"Sarto, Andrea del (Andrea d' Agnolo)","(560, 562)",he,125
91,"Sarto, Andrea del (Andrea d' Agnolo)","(716, 722)",Andrea,125
91,"Sarto, Andrea del (Andrea d' Agnolo)","(756, 759)",his,125
91,"Sarto, Andrea del (Andrea d' Agnolo)","(805, 807)",he,125
91,"Sarto, Andrea del (Andrea d' Agnolo)","(1044, 1047)",him,125
91,"Sarto, Andrea del (Andrea d' Agnolo)","(1098, 1173)","Andrea, who worked well without over-exerting himself or forcing his powers",125
91,"Sarto, Andrea del (Andrea d' Agnolo)","(1144, 1151)",himself,125
91,"Sarto, Andrea del (Andrea d' Agnolo)","(1163, 1166)",his,125
91,"Sarto, Andrea del (Andrea d' Agnolo)","(1223, 1230)",himself,125
91,"Sarto, Andrea del (Andrea d' Agnolo)","(1293, 1295)",he,125
91,"Sarto, Andrea del (Andrea d' Agnolo)","(1657, 1659)",He,125
91,"Sarto, Andrea del (Andrea d' Agnolo)","(1906, 1908)",he,125
91,"Agnolo, Baccio d' (Baccio Baglioni)","(844, 860)",Baccio d' Agnolo,125
91,"Agnolo, Baccio d' (Baccio Baglioni)","(1649, 1655)",Baccio,125
92,"Sarto, Andrea del (Andrea d' Agnolo)","(169, 175)",Andrea,127
92,"Sarto, Andrea del (Andrea d' Agnolo)","(219, 222)",him,127
92,"Sarto, Andrea del (Andrea d' Agnolo)","(285, 292)",himself,127
92,"Sarto, Andrea del (Andrea d' Agnolo)","(385, 388)",his,127
92,"Sarto, Andrea del (Andrea d' Agnolo)","(407, 409)",he,127
92,"Sarto, Andrea del (Andrea d' Agnolo)","(574, 576)",he,127
92,"Sarto, Andrea del (Andrea d' Agnolo)","(623, 625)",he,127
93,"Sarto, Andrea del (Andrea d' Agnolo)","(19, 25)",Andrea,128
93,"Sarto, Andrea del (Andrea d' Agnolo)","(128, 130)",He,128
93,"Sarto, Andrea del (Andrea d' Agnolo)","(390, 396)",Andrea,128
93,"Sarto, Andrea del (Andrea d' Agnolo)","(804, 834)","Andrea, the master of the work",128
93,"Sarto, Andrea del (Andrea d' Agnolo)","(1218, 1220)",he,128
93,"Sarto, Andrea del (Andrea d' Agnolo)","(1231, 1238)",himself,128
93,"Sarto, Andrea del (Andrea d' Agnolo)","(1310, 1316)",Andrea,128
93,"Sarto, Andrea del (Andrea d' Agnolo)","(1475, 1477)",he,128
93,"Sarto, Andrea del (Andrea d' Agnolo)","(1854, 1860)",Andrea,128
93,"Sarto, Andrea del (Andrea d' Agnolo)","(2127, 2133)",Andrea,128
93,"Sarto, Andrea del (Andrea d' Agnolo)","(2279, 2282)",him,128
93,"Sarto, Andrea del (Andrea d' Agnolo)","(2384, 2386)",he,128
93,"Pontormo, Jacopo da (Jacopo Carrucci)|Sansovino, Jacopo (Jacopo Tatti)","(778, 781)",him,128
93,"Pontormo, Jacopo da (Jacopo Carrucci)|Sansovino, Jacopo (Jacopo Tatti)","(877, 883)",Jacopo,128
94,"Sarto, Andrea del (Andrea d' Agnolo)","(21, 24)",his,131
94,"Sarto, Andrea del (Andrea d' Agnolo)","(33, 39)",Andrea,131
94,"Sarto, Andrea del (Andrea d' Agnolo)","(270, 276)",Andrea,131
94,"Sarto, Andrea del (Andrea d' Agnolo)","(288, 291)",him,131
94,"Sarto, Andrea del (Andrea d' Agnolo)","(366, 372)",Andrea,131
94,"Sarto, Andrea del (Andrea d' Agnolo)","(497, 499)",he,131
94,"Sarto, Andrea del (Andrea d' Agnolo)","(541, 543)",he,131
94,"Sarto, Andrea del (Andrea d' Agnolo)","(705, 707)",he,131
94,"Sarto, Andrea del (Andrea d' Agnolo)","(934, 940)",Andrea,131
94,"Sarto, Andrea del (Andrea d' Agnolo)","(944, 947)",his,131
94,"Sarto, Andrea del (Andrea d' Agnolo)","(1027, 1029)",he,131
94,"Sarto, Andrea del (Andrea d' Agnolo)","(1120, 1122)",he,131
94,"Sarto, Andrea del (Andrea d' Agnolo)","(1129, 1136)",himself,131
94,"Sarto, Andrea del (Andrea d' Agnolo)","(1175, 1177)",he,131
94,"Sarto, Andrea del (Andrea d' Agnolo)","(1213, 1216)",his,131
94,"Sarto, Andrea del (Andrea d' Agnolo)","(1277, 1280)",his,131
94,"Sarto, Andrea del (Andrea d' Agnolo)","(1309, 1316)",himself,131
94,"Sarto, Andrea del (Andrea d' Agnolo)","(1402, 1404)",he,131
94,"Sarto, Andrea del (Andrea d' Agnolo)","(1502, 1504)",he,131
94,"Sarto, Andrea del (Andrea d' Agnolo)","(1518, 1521)",his,131
94,"Sarto, Andrea del (Andrea d' Agnolo)","(1537, 1539)",he,131
94,"Sarto, Andrea del (Andrea d' Agnolo)","(1583, 1586)",his,131
94,"Sarto, Andrea del (Andrea d' Agnolo)","(1620, 1622)",he,131
94,"Sarto, Andrea del (Andrea d' Agnolo)","(1755, 1757)",he,131
94,"Sarto, Andrea del (Andrea d' Agnolo)","(1817, 1824)",himself,131
95,"Sarto, Andrea del (Andrea d' Agnolo)","(30, 33)",his,133
95,"Sarto, Andrea del (Andrea d' Agnolo)","(132, 134)",he,133
95,"Sarto, Andrea del (Andrea d' Agnolo)","(1027, 1033)",Andrea,133
95,"Sarto, Andrea del (Andrea d' Agnolo)","(1053, 1056)",his,133
95,"Sarto, Andrea del (Andrea d' Agnolo)","(1473, 1481)",Andrea's,133
95,"Sarto, Andrea del (Andrea d' Agnolo)","(1589, 1591)",he,133
95,"Sarto, Andrea del (Andrea d' Agnolo)","(1677, 1680)",his,133
95,"Sarto, Andrea del (Andrea d' Agnolo)","(2118, 2124)",Andrea,133
96,"Sarto, Andrea del (Andrea d' Agnolo)","(11, 17)",Andrea,135
96,"Sarto, Andrea del (Andrea d' Agnolo)","(31, 34)",his,135
96,"Sarto, Andrea del (Andrea d' Agnolo)","(72, 75)",his,135
96,"Sarto, Andrea del (Andrea d' Agnolo)","(163, 165)",he,135
96,"Sarto, Andrea del (Andrea d' Agnolo)","(214, 216)",he,135
96,"Sarto, Andrea del (Andrea d' Agnolo)","(337, 339)",he,135
96,"Sarto, Andrea del (Andrea d' Agnolo)","(508, 510)",he,135
96,"Sarto, Andrea del (Andrea d' Agnolo)","(943, 949)",Andrea,135
96,"Sarto, Andrea del (Andrea d' Agnolo)","(956, 959)",his,135
96,"Sarto, Andrea del (Andrea d' Agnolo)","(1211, 1217)",Andrea,135
96,"Sarto, Andrea del (Andrea d' Agnolo)","(1529, 1535)",Andrea,135
96,"Sarto, Andrea del (Andrea d' Agnolo)","(1642, 1648)",Andrea,135
96,"Sarto, Andrea del (Andrea d' Agnolo)","(1721, 1724)",his,135
96,"Sarto, Andrea del (Andrea d' Agnolo)","(1879, 1885)",Andrea,135
96,"Sarto, Andrea del (Andrea d' Agnolo)","(2102, 2112)",our Andrea,135
96,"Sarto, Andrea del (Andrea d' Agnolo)","(2130, 2133)",him,135
96,"Sarto, Andrea del (Andrea d' Agnolo)","(2250, 2253)",him,135
96,"Sarto, Andrea del (Andrea d' Agnolo)","(2289, 2292)",his,135
96,"Sarto, Andrea del (Andrea d' Agnolo)","(2399, 2401)",he,135
97,"Sarto, Andrea del (Andrea d' Agnolo)","(0, 6)",Andrea,138
97,"Sarto, Andrea del (Andrea d' Agnolo)","(233, 236)",his,138
97,"Sarto, Andrea del (Andrea d' Agnolo)","(270, 272)",he,138
97,"Sarto, Andrea del (Andrea d' Agnolo)","(395, 401)",Andrea,138
97,"Sarto, Andrea del (Andrea d' Agnolo)","(416, 419)",him,138
97,"Sarto, Andrea del (Andrea d' Agnolo)","(714, 720)",Andrea,138
97,"Sarto, Andrea del (Andrea d' Agnolo)","(994, 1000)",Andrea,138
97,"Sarto, Andrea del (Andrea d' Agnolo)","(1116, 1118)",he,138
97,"Sarto, Andrea del (Andrea d' Agnolo)","(1149, 1152)",his,138
97,"Sarto, Andrea del (Andrea d' Agnolo)","(1370, 1376)",Andrea,138
97,"Sarto, Andrea del (Andrea d' Agnolo)","(1395, 1397)",he,138
97,"Sarto, Andrea del (Andrea d' Agnolo)","(1447, 1453)",Andrea,138
97,"Sarto, Andrea del (Andrea d' Agnolo)","(1469, 1472)",his,138
98,"Sansovino, Jacopo (Jacopo Tatti)","(1486, 1502)",Jacopo Sansovino,139
98,"Sansovino, Jacopo (Jacopo Tatti)","(1780, 1795)",The same Jacopo,139
98,"Sarto, Andrea del (Andrea d' Agnolo)","(1394, 1404)",our Andrea,139
98,"Sarto, Andrea del (Andrea d' Agnolo)","(2371, 2377)",Andrea,139
98,"Sarto, Andrea del (Andrea d' Agnolo)","(2465, 2467)",he,139
98,"Sarto, Andrea del (Andrea d' Agnolo)","(2489, 2491)",he,139
98,"Sarto, Andrea del (Andrea d' Agnolo)","(2941, 2947)",Andrea,139
98,"Sarto, Andrea del (Andrea d' Agnolo)","(3167, 3173)",Andrea,139
98,"Sarto, Andrea del (Andrea d' Agnolo)","(3367, 3369)",he,139
98,"Sarto, Andrea del (Andrea d' Agnolo)","(3447, 3449)",he,139
98,"Sarto, Andrea del (Andrea d' Agnolo)","(3471, 3474)",his,139
99,"Sarto, Andrea del (Andrea d' Agnolo)","(11, 17)",Andrea,141
99,"Sarto, Andrea del (Andrea d' Agnolo)","(389, 395)",Andrea,141
99,"Sarto, Andrea del (Andrea d' Agnolo)","(441, 444)",his,141
99,"Sarto, Andrea del (Andrea d' Agnolo)","(584, 590)",Andrea,141
99,"Sarto, Andrea del (Andrea d' Agnolo)","(596, 598)",he,141
99,"Sarto, Andrea del (Andrea d' Agnolo)","(1416, 1424)",Andrea's,141
99,"Sarto, Andrea del (Andrea d' Agnolo)","(1451, 1453)",he,141
99,"Sarto, Andrea del (Andrea d' Agnolo)","(1553, 1555)",he,141
99,"Sarto, Andrea del (Andrea d' Agnolo)","(1594, 1597)",his,141
99,"Sarto, Andrea del (Andrea d' Agnolo)","(1664, 1666)",he,141
99,"Sarto, Andrea del (Andrea d' Agnolo)","(1731, 1734)",his,141
99,"Sarto, Andrea del (Andrea d' Agnolo)","(1795, 1797)",he,141
100,"Sarto, Andrea del (Andrea d' Agnolo)|Sguazzella, Andrea","(6, 12)",Andrea,142
100,"Sarto, Andrea del (Andrea d' Agnolo)|Sguazzella, Andrea","(97, 104)",himself,142
100,"Sarto, Andrea del (Andrea d' Agnolo)|Sguazzella, Andrea","(135, 137)",he,142
100,"Sarto, Andrea del (Andrea d' Agnolo)|Sguazzella, Andrea","(456, 462)",Andrea,142
100,"Sarto, Andrea del (Andrea d' Agnolo)|Sguazzella, Andrea","(657, 663)",Andrea,142
100,"Sarto, Andrea del (Andrea d' Agnolo)|Sguazzella, Andrea","(677, 683)",Andrea,142
100,"Sarto, Andrea del (Andrea d' Agnolo)|Sguazzella, Andrea","(739, 742)",him,142
100,"Sarto, Andrea del (Andrea d' Agnolo)|Sguazzella, Andrea","(743, 746)",his,142
100,"Sarto, Andrea del (Andrea d' Agnolo)|Sguazzella, Andrea","(907, 910)",his,142
100,"Sarto, Andrea del (Andrea d' Agnolo)|Sguazzella, Andrea","(934, 940)",Andrea,142
100,"Sarto, Andrea del (Andrea d' Agnolo)|Sguazzella, Andrea","(952, 959)",himself,142
100,"Sarto, Andrea del (Andrea d' Agnolo)|Sguazzella, Andrea","(1130, 1132)",he,142
100,"Sarto, Andrea del (Andrea d' Agnolo)|Sguazzella, Andrea","(1187, 1189)",he,142
100,"Sarto, Andrea del (Andrea d' Agnolo)|Sguazzella, Andrea","(1243, 1246)",him,142
100,"Sarto, Andrea del (Andrea d' Agnolo)|Sguazzella, Andrea","(1252, 1255)",his,142
100,"Sarto, Andrea del (Andrea d' Agnolo)|Sguazzella, Andrea","(1271, 1274)",his,142
100,"Sarto, Andrea del (Andrea d' Agnolo)|Sguazzella, Andrea","(1295, 1298)",him,142
100,"Sarto, Andrea del (Andrea d' Agnolo)|Sguazzella, Andrea","(1369, 1372)",his,142
100,"Sarto, Andrea del (Andrea d' Agnolo)|Sguazzella, Andrea","(1519, 1521)",he,142
100,"Sarto, Andrea del (Andrea d' Agnolo)|Sguazzella, Andrea","(1545, 1547)",he,142
100,"Sarto, Andrea del (Andrea d' Agnolo)|Sguazzella, Andrea","(1623, 1625)",he,142
100,"Sarto, Andrea del (Andrea d' Agnolo)|Sguazzella, Andrea","(1805, 1808)",him,142
100,"Sarto, Andrea del (Andrea d' Agnolo)|Sguazzella, Andrea","(1865, 1871)",Andrea,142
100,"Sarto, Andrea del (Andrea d' Agnolo)|Sguazzella, Andrea","(1910, 1913)",him,142
100,"Sarto, Andrea del (Andrea d' Agnolo)|Sguazzella, Andrea","(1919, 1921)",he,142
100,"Sarto, Andrea del (Andrea d' Agnolo)|Sguazzella, Andrea","(1980, 1988)",Andrea's,142
100,"Sarto, Andrea del (Andrea d' Agnolo)|Sguazzella, Andrea","(2005, 2008)",his,142
100,"Sarto, Andrea del (Andrea d' Agnolo)|Sguazzella, Andrea","(2041, 2083)","the man, who was contented with everything",142
100,"Sarto, Andrea del (Andrea d' Agnolo)|Sguazzella, Andrea","(2141, 2143)",he,142
100,"Sarto, Andrea del (Andrea d' Agnolo)|Sguazzella, Andrea","(2199, 2201)",he,142
100,"Sarto, Andrea del (Andrea d' Agnolo)|Sguazzella, Andrea","(2244, 2246)",he,142
100,"Sarto, Andrea del (Andrea d' Agnolo)|Sguazzella, Andrea","(2302, 2305)",him,142
100,"Sarto, Andrea del (Andrea d' Agnolo)|Sguazzella, Andrea","(2330, 2332)",he,142
100,"Sarto, Andrea del (Andrea d' Agnolo)|Sguazzella, Andrea","(2421, 2423)",he,142
100,"Sarto, Andrea del (Andrea d' Agnolo)|Sguazzella, Andrea","(2506, 2509)",him,142
100,"Sarto, Andrea del (Andrea d' Agnolo)|Sguazzella, Andrea","(2549, 2552)",his,142
100,"Sarto, Andrea del (Andrea d' Agnolo)|Sguazzella, Andrea","(2563, 2565)",he,142
100,"Sarto, Andrea del (Andrea d' Agnolo)|Sguazzella, Andrea","(2631, 2633)",He,142
100,"Sarto, Andrea del (Andrea d' Agnolo)|Sguazzella, Andrea","(2686, 2688)",he,142
100,"Sarto, Andrea del (Andrea d' Agnolo)|Sguazzella, Andrea","(2748, 2751)",his,142
100,"Sarto, Andrea del (Andrea d' Agnolo)|Sguazzella, Andrea","(2793, 2795)",he,142
100,"Sarto, Andrea del (Andrea d' Agnolo)|Sguazzella, Andrea","(2808, 2811)",his,142
100,"Sarto, Andrea del (Andrea d' Agnolo)|Sguazzella, Andrea","(2822, 2825)",him,142
100,"Sarto, Andrea del (Andrea d' Agnolo)|Sguazzella, Andrea","(2852, 2855)",his,142
100,"Sarto, Andrea del (Andrea d' Agnolo)|Sguazzella, Andrea","(2959, 2962)",him,142
100,"Sarto, Andrea del (Andrea d' Agnolo)|Sguazzella, Andrea","(2969, 2972)",him,142
100,"Sarto, Andrea del (Andrea d' Agnolo)|Sguazzella, Andrea","(3001, 3007)",Andrea,142
101,"Sarto, Andrea del (Andrea d' Agnolo)","(12, 14)",he,143
101,"Sarto, Andrea del (Andrea d' Agnolo)","(75, 78)",his,143
101,"Sarto, Andrea del (Andrea d' Agnolo)","(86, 89)",his,143
101,"Sarto, Andrea del (Andrea d' Agnolo)","(101, 104)",his,143
101,"Sarto, Andrea del (Andrea d' Agnolo)","(159, 161)",he,143
101,"Sarto, Andrea del (Andrea d' Agnolo)","(194, 196)",he,143
101,"Sarto, Andrea del (Andrea d' Agnolo)","(246, 249)",his,143
101,"Sarto, Andrea del (Andrea d' Agnolo)","(279, 281)",he,143
101,"Sarto, Andrea del (Andrea d' Agnolo)","(301, 304)",his,143
101,"Sarto, Andrea del (Andrea d' Agnolo)","(350, 352)",he,143
101,"Sarto, Andrea del (Andrea d' Agnolo)","(375, 377)",he,143
101,"Sarto, Andrea del (Andrea d' Agnolo)","(426, 429)",his,143
101,"Sarto, Andrea del (Andrea d' Agnolo)","(443, 446)",his,143
101,"Sarto, Andrea del (Andrea d' Agnolo)","(525, 528)",his,143
101,"Sarto, Andrea del (Andrea d' Agnolo)","(535, 537)",he,143
101,"Sarto, Andrea del (Andrea d' Agnolo)","(717, 723)",Andrea,143
101,"Sarto, Andrea del (Andrea d' Agnolo)","(763, 766)",him,143
101,"Sarto, Andrea del (Andrea d' Agnolo)","(829, 832)",his,143
101,"Sarto, Andrea del (Andrea d' Agnolo)","(853, 859)",Andrea,143
101,"Sarto, Andrea del (Andrea d' Agnolo)","(986, 988)",he,143
102,"Sarto, Andrea del (Andrea d' Agnolo)","(6, 14)",Andrea's,144
102,"Sarto, Andrea del (Andrea d' Agnolo)","(73, 75)",he,144
102,"Sarto, Andrea del (Andrea d' Agnolo)","(226, 232)",Andrea,144
102,"Sarto, Andrea del (Andrea d' Agnolo)","(266, 269)",him,144
102,"Sarto, Andrea del (Andrea d' Agnolo)","(277, 280)",his,144
102,"Sarto, Andrea del (Andrea d' Agnolo)","(313, 315)",he,144
102,"Sarto, Andrea del (Andrea d' Agnolo)","(1027, 1029)",he,144
102,"Sarto, Andrea del (Andrea d' Agnolo)","(1812, 1818)",Andrea,144
102,"Sarto, Andrea del (Andrea d' Agnolo)","(1968, 1974)",Andrea,144
102,"Sarto, Andrea del (Andrea d' Agnolo)","(2064, 2066)",he,144
102,"Sarto, Andrea del (Andrea d' Agnolo)","(2136, 2139)",his,144
102,"Sarto, Andrea del (Andrea d' Agnolo)","(2588, 2594)",Andrea,144
103,"Sarto, Andrea del (Andrea d' Agnolo)","(55, 61)",Andrea,147
103,"Sarto, Andrea del (Andrea d' Agnolo)","(866, 868)",he,147
103,"Sarto, Andrea del (Andrea d' Agnolo)","(1007, 1009)",He,147
103,"Sarto, Andrea del (Andrea d' Agnolo)","(1170, 1185)",The same master,147
104,"Sarto, Andrea del (Andrea d' Agnolo)","(774, 780)",Andrea,149
104,"Sarto, Andrea del (Andrea d' Agnolo)","(1029, 1041)",Andrea alone,149
104,"Sarto, Andrea del (Andrea d' Agnolo)","(1228, 1231)",his,149
104,"Sarto, Andrea del (Andrea d' Agnolo)","(1290, 1292)",he,149
104,"Sarto, Andrea del (Andrea d' Agnolo)","(1320, 1326)",Andrea,149
104,"Sarto, Andrea del (Andrea d' Agnolo)","(1383, 1390)",himself,149
104,"Sarto, Andrea del (Andrea d' Agnolo)","(1559, 1561)",he,149
104,"Sarto, Andrea del (Andrea d' Agnolo)","(1654, 1657)",his,149
104,"Sarto, Andrea del (Andrea d' Agnolo)","(2191, 2193)",he,149
104,"Sarto, Andrea del (Andrea d' Agnolo)","(2403, 2405)",he,149
104,"Sarto, Andrea del (Andrea d' Agnolo)","(2848, 2854)",Andrea,149
104,"Sarto, Andrea del (Andrea d' Agnolo)","(2958, 2960)",he,149
104,Franciabigio (Francia),"(725, 737)",Franciabigio,149
104,Franciabigio (Francia),"(1348, 1360)",Franciabigio,149
104,"Pontormo, Jacopo da (Jacopo Carrucci)","(794, 812)",Jacopo da Pontormo,149
104,"Pontormo, Jacopo da (Jacopo Carrucci)","(1365, 1371)",Jacopo,149
104,"Pontormo, Jacopo da (Jacopo Carrucci)","(2570, 2588)",Jacopo da Pontormo,149
104,"Pontormo, Jacopo da (Jacopo Carrucci)","(2637, 2640)",him,149
104,"Pontormo, Jacopo da (Jacopo Carrucci)","(2648, 2651)",his,149
105,"Sarto, Andrea del (Andrea d' Agnolo)","(46, 52)",Andrea,151
105,"Sarto, Andrea del (Andrea d' Agnolo)","(77, 80)",his,151
105,"Sarto, Andrea del (Andrea d' Agnolo)","(117, 120)",his,151
105,"Sarto, Andrea del (Andrea d' Agnolo)","(135, 137)",he,151
105,"Sarto, Andrea del (Andrea d' Agnolo)","(177, 179)",he,151
105,"Sarto, Andrea del (Andrea d' Agnolo)","(218, 220)",he,151
105,"Sarto, Andrea del (Andrea d' Agnolo)","(258, 261)",his,151
105,"Sarto, Andrea del (Andrea d' Agnolo)","(271, 273)",he,151
105,"Sarto, Andrea del (Andrea d' Agnolo)","(296, 299)",his,151
105,"Sarto, Andrea del (Andrea d' Agnolo)","(328, 331)",him,151
105,"Sarto, Andrea del (Andrea d' Agnolo)","(352, 354)",he,151
105,"Sarto, Andrea del (Andrea d' Agnolo)","(515, 526)",the painter,151
105,"Sarto, Andrea del (Andrea d' Agnolo)","(598, 600)",he,151
105,"Sarto, Andrea del (Andrea d' Agnolo)","(786, 792)",Andrea,151
105,"Sarto, Andrea del (Andrea d' Agnolo)","(883, 885)",he,151
105,"Sarto, Andrea del (Andrea d' Agnolo)","(978, 980)",he,151
105,"Sarto, Andrea del (Andrea d' Agnolo)","(1047, 1050)",him,151
105,"Sarto, Andrea del (Andrea d' Agnolo)","(1106, 1108)",he,151
105,"Sarto, Andrea del (Andrea d' Agnolo)","(1128, 1130)",He,151
105,"Sarto, Andrea del (Andrea d' Agnolo)","(1394, 1397)",his,151
105,"Sarto, Andrea del (Andrea d' Agnolo)","(1411, 1413)",He,151
105,"Sarto, Andrea del (Andrea d' Agnolo)","(1533, 1535)",he,151
106,"Sarto, Andrea del (Andrea d' Agnolo)","(114, 120)",Andrea,153
106,"Sarto, Andrea del (Andrea d' Agnolo)","(328, 331)",him,153
106,"Sarto, Andrea del (Andrea d' Agnolo)","(332, 335)",his,153
106,"Sarto, Andrea del (Andrea d' Agnolo)","(375, 378)",his,153
106,"Sarto, Andrea del (Andrea d' Agnolo)","(439, 441)",he,153
106,"Sarto, Andrea del (Andrea d' Agnolo)","(446, 449)",his,153
106,"Sarto, Andrea del (Andrea d' Agnolo)","(557, 560)",his,153
106,"Sarto, Andrea del (Andrea d' Agnolo)","(570, 577)",himself,153
106,"Sarto, Andrea del (Andrea d' Agnolo)","(603, 605)",he,153
106,"Sarto, Andrea del (Andrea d' Agnolo)","(614, 621)",himself,153
106,"Sarto, Andrea del (Andrea d' Agnolo)","(695, 697)",he,153
106,"Sarto, Andrea del (Andrea d' Agnolo)","(1351, 1357)",Andrea,153
106,"Sarto, Andrea del (Andrea d' Agnolo)","(1618, 1624)",Andrea,153
106,"Sarto, Andrea del (Andrea d' Agnolo)","(1729, 1731)",he,153
106,"Sarto, Andrea del (Andrea d' Agnolo)","(1828, 1830)",he,153
106,"Sarto, Andrea del (Andrea d' Agnolo)","(2240, 2246)",Andrea,153
107,"Sarto, Andrea del (Andrea d' Agnolo)","(22, 28)",Andrea,155
107,"Sarto, Andrea del (Andrea d' Agnolo)","(118, 132)",that great man,155
107,"Sarto, Andrea del (Andrea d' Agnolo)","(467, 470)",his,155
107,"Sarto, Andrea del (Andrea d' Agnolo)","(491, 497)",Andrea,155
107,"Sarto, Andrea del (Andrea d' Agnolo)","(570, 573)",his,155
107,"Sarto, Andrea del (Andrea d' Agnolo)","(761, 763)",he,155
107,"Sarto, Andrea del (Andrea d' Agnolo)","(987, 989)",he,155
107,"Sarto, Andrea del (Andrea d' Agnolo)","(1323, 1329)",Andrea,155
107,"Sarto, Andrea del (Andrea d' Agnolo)","(1372, 1374)",he,155
108,"Sarto, Andrea del (Andrea d' Agnolo)","(1310, 1316)",Andrea,157
108,"Sarto, Andrea del (Andrea d' Agnolo)","(1326, 1329)",him,157
108,"Sarto, Andrea del (Andrea d' Agnolo)","(1529, 1535)",Andrea,157
108,"Sarto, Andrea del (Andrea d' Agnolo)","(1572, 1575)",his,157
108,"Sarto, Andrea del (Andrea d' Agnolo)","(1743, 1745)",he,157
108,"Sarto, Andrea del (Andrea d' Agnolo)","(1958, 1964)",Andrea,157
108,"Sarto, Andrea del (Andrea d' Agnolo)","(2134, 2140)",Andrea,157
108,"Sarto, Andrea del (Andrea d' Agnolo)","(2584, 2590)",Andrea,157
108,"Sarto, Andrea del (Andrea d' Agnolo)","(3065, 3081)",Andrea del Sarto,157
108,"Sarto, Andrea del (Andrea d' Agnolo)","(3631, 3639)",Andrea's,157
108,"Sanzio, Raffaello (Raffaello da Urbino)","(1518, 1527)",Raffaello,157
108,"Sanzio, Raffaello (Raffaello da Urbino)","(2090, 2099)",Raffaello,157
108,"Sanzio, Raffaello (Raffaello da Urbino)","(2280, 2289)",Raffaello,157
108,"Sanzio, Raffaello (Raffaello da Urbino)","(2440, 2449)",Raffaello,157
108,"Sanzio, Raffaello (Raffaello da Urbino)","(2741, 2752)",Raffaello's,157
108,"Sanzio, Raffaello (Raffaello da Urbino)","(2862, 2871)",Raffaello,157
108,"Sanzio, Raffaello (Raffaello da Urbino)","(3411, 3420)",Raffaello,157
108,"Romano, Giulio (Giulio Pippi de' Giannuzzi)","(2239, 2289)","the painter Giulio Romano, a disciple of Raffaello",157
108,"Romano, Giulio (Giulio Pippi de' Giannuzzi)","(2336, 2347)",This Giulio,157
108,"Romano, Giulio (Giulio Pippi de' Giannuzzi)","(2640, 2646)",Giulio,157
108,"Romano, Giulio (Giulio Pippi de' Giannuzzi)","(2803, 2806)",him,157
108,"Romano, Giulio (Giulio Pippi de' Giannuzzi)","(2891, 2897)",Giulio,157
108,"Romano, Giulio (Giulio Pippi de' Giannuzzi)","(2907, 2908)",I,157
108,"Romano, Giulio (Giulio Pippi de' Giannuzzi)","(2927, 2928)",I,157
108,"Romano, Giulio (Giulio Pippi de' Giannuzzi)","(2961, 2962)",I,157
108,"Romano, Giulio (Giulio Pippi de' Giannuzzi)","(2973, 2975)",my,157
108,"Romano, Giulio (Giulio Pippi de' Giannuzzi)","(2989, 2992)",You,157
108,"Romano, Giulio (Giulio Pippi de' Giannuzzi)","(3248, 3254)",Giulio,157
108,"Romano, Giulio (Giulio Pippi de' Giannuzzi)","(3312, 3314)",he,157
108,"Romano, Giulio (Giulio Pippi de' Giannuzzi)","(3324, 3327)",his,157
108,"Romano, Giulio (Giulio Pippi de' Giannuzzi)","(3361, 3362)",I,157
109,"Sarto, Andrea del (Andrea d' Agnolo)","(6, 12)",Andrea,158
109,"Sarto, Andrea del (Andrea d' Agnolo)","(35, 37)",he,158
110,"Sarto, Andrea del (Andrea d' Agnolo)","(275, 281)",Andrea,159
110,"Sarto, Andrea del (Andrea d' Agnolo)","(335, 338)",him,159
110,"Sarto, Andrea del (Andrea d' Agnolo)","(441, 444)",him,159
110,"Sarto, Andrea del (Andrea d' Agnolo)","(461, 463)",he,159
110,"Sarto, Andrea del (Andrea d' Agnolo)","(760, 768)",Andrea's,159
110,"Sarto, Andrea del (Andrea d' Agnolo)","(792, 795)",him,159
110,"Sarto, Andrea del (Andrea d' Agnolo)","(797, 799)",he,159
110,"Sarto, Andrea del (Andrea d' Agnolo)","(847, 850)",his,159
110,"Sarto, Andrea del (Andrea d' Agnolo)","(919, 922)",his,159
110,"Sarto, Andrea del (Andrea d' Agnolo)","(948, 950)",he,159
110,"Sarto, Andrea del (Andrea d' Agnolo)","(1075, 1078)",him,159
110,"Sarto, Andrea del (Andrea d' Agnolo)","(1138, 1144)",Andrea,159
110,"Sarto, Andrea del (Andrea d' Agnolo)","(1288, 1290)",he,159
110,"Sarto, Andrea del (Andrea d' Agnolo)","(1338, 1340)",my,159
110,"Sarto, Andrea del (Andrea d' Agnolo)","(1413, 1414)",I,159
110,"Sarto, Andrea del (Andrea d' Agnolo)","(1457, 1459)",me,159
110,"Sarto, Andrea del (Andrea d' Agnolo)","(1526, 1527)",I,159
110,"Sarto, Andrea del (Andrea d' Agnolo)","(1558, 1560)",me,159
110,"Sarto, Andrea del (Andrea d' Agnolo)","(1579, 1580)",I,159
110,"Sarto, Andrea del (Andrea d' Agnolo)","(1800, 1802)",he,159
110,"Sarto, Andrea del (Andrea d' Agnolo)","(1830, 1832)",he,159
110,"Sarto, Andrea del (Andrea d' Agnolo)","(2078, 2080)",he,159
110,"Sarto, Andrea del (Andrea d' Agnolo)","(2423, 2425)",he,159
110,"Sarto, Andrea del (Andrea d' Agnolo)","(2683, 2689)",Andrea,159
110,"Sarto, Andrea del (Andrea d' Agnolo)","(2702, 2705)",him,159
110,"Sarto, Andrea del (Andrea d' Agnolo)","(2831, 2837)",Andrea,159
110,"Sarto, Andrea del (Andrea d' Agnolo)","(2864, 2867)",him,159
110,"Sarto, Andrea del (Andrea d' Agnolo)","(2884, 2886)",he,159
110,"Sarto, Andrea del (Andrea d' Agnolo)","(2931, 2976)","Andrea, who was nothing if not an amiable man",159
110,"Sarto, Andrea del (Andrea d' Agnolo)","(3023, 3026)",his,159
110,"Sarto, Andrea del (Andrea d' Agnolo)","(3074, 3076)",he,159
110,"Sarto, Andrea del (Andrea d' Agnolo)","(3132, 3135)",his,159
110,"Sarto, Andrea del (Andrea d' Agnolo)","(3154, 3156)",he,159
110,"Sarto, Andrea del (Andrea d' Agnolo)","(3446, 3448)",he,159
112,"Sarto, Andrea del (Andrea d' Agnolo)","(11, 13)",he,164
112,"Sarto, Andrea del (Andrea d' Agnolo)","(377, 383)",Andrea,164
112,"Sarto, Andrea del (Andrea d' Agnolo)","(860, 866)",Andrea,164
112,"Sarto, Andrea del (Andrea d' Agnolo)","(895, 897)",he,164
112,"Sarto, Andrea del (Andrea d' Agnolo)","(1016, 1018)",he,164
112,"Sarto, Andrea del (Andrea d' Agnolo)","(1054, 1122)","Andrea, who had already pledged himself to it on a previous occasion",164
112,"Sarto, Andrea del (Andrea d' Agnolo)","(1086, 1093)",himself,164
112,"Sarto, Andrea del (Andrea d' Agnolo)","(1155, 1158)",his,164
112,"Sarto, Andrea del (Andrea d' Agnolo)","(1221, 1223)",he,164
112,"Sarto, Andrea del (Andrea d' Agnolo)","(1422, 1424)",he,164
112,"Sarto, Andrea del (Andrea d' Agnolo)","(1489, 1491)",he,164
113,"Sarto, Andrea del (Andrea d' Agnolo)","(0, 6)",Andrea,166
113,"Sarto, Andrea del (Andrea d' Agnolo)","(292, 294)",He,166
113,"Sarto, Andrea del (Andrea d' Agnolo)","(681, 687)",Andrea,166
113,"Sarto, Andrea del (Andrea d' Agnolo)","(774, 780)",Andrea,166
113,"Sarto, Andrea del (Andrea d' Agnolo)","(807, 810)",his,166
113,"Sarto, Andrea del (Andrea d' Agnolo)","(891, 892)",I,166
113,"Sarto, Andrea del (Andrea d' Agnolo)","(1208, 1214)",Andrea,166
113,"Sarto, Andrea del (Andrea d' Agnolo)","(1247, 1249)",he,166
113,"Sarto, Andrea del (Andrea d' Agnolo)","(1259, 1262)",his,166
113,"Sarto, Andrea del (Andrea d' Agnolo)","(1305, 1312)",himself,166
113,"Sarto, Andrea del (Andrea d' Agnolo)","(1479, 1481)",He,166
113,"Sarto, Andrea del (Andrea d' Agnolo)","(1524, 1527)",his,166
113,"Sarto, Andrea del (Andrea d' Agnolo)","(1610, 1612)",He,166
113,"Sarto, Andrea del (Andrea d' Agnolo)","(2101, 2109)",Andrea's,166
113,"Sarto, Andrea del (Andrea d' Agnolo)","(2190, 2192)",he,166
113,"Sarto, Andrea del (Andrea d' Agnolo)","(2284, 2286)",he,166
113,"Sarto, Andrea del (Andrea d' Agnolo)","(2657, 2659)",he,166
114,"Sarto, Andrea del (Andrea d' Agnolo)","(434, 440)",Andrea,168
114,"Sarto, Andrea del (Andrea d' Agnolo)","(507, 510)",him,168
114,"Sarto, Andrea del (Andrea d' Agnolo)","(550, 556)",Andrea,168
114,"Sarto, Andrea del (Andrea d' Agnolo)","(686, 688)",he,168
115,"Sarto, Andrea del (Andrea d' Agnolo)","(21, 27)",Andrea,169
115,"Sarto, Andrea del (Andrea d' Agnolo)","(134, 140)",Andrea,169
115,"Sarto, Andrea del (Andrea d' Agnolo)","(149, 152)",his,169
115,"Sarto, Andrea del (Andrea d' Agnolo)","(387, 393)",Andrea,169
115,"Sarto, Andrea del (Andrea d' Agnolo)","(519, 521)",he,169
115,"Sarto, Andrea del (Andrea d' Agnolo)","(1010, 1016)",Andrea,169
115,"Sarto, Andrea del (Andrea d' Agnolo)","(1142, 1148)",Andrea,169
115,"Sarto, Andrea del (Andrea d' Agnolo)","(1165, 1168)",him,169
115,"Sarto, Andrea del (Andrea d' Agnolo)","(1250, 1256)",Andrea,169
115,"Sarto, Andrea del (Andrea d' Agnolo)","(1446, 1452)",Andrea,169
115,"Sarto, Andrea del (Andrea d' Agnolo)","(1483, 1486)",his,169
115,"Sarto, Andrea del (Andrea d' Agnolo)","(1504, 1506)",he,169
115,"Sarto, Andrea del (Andrea d' Agnolo)","(1577, 1580)",him,169
115,"Sarto, Andrea del (Andrea d' Agnolo)","(1645, 1647)",he,169
115,"Sarto, Andrea del (Andrea d' Agnolo)","(1729, 1732)",him,169
115,"Sarto, Andrea del (Andrea d' Agnolo)","(1744, 1747)",him,169
115,"Sarto, Andrea del (Andrea d' Agnolo)","(2036, 2042)",Andrea,169
116,"Castagno, Andrea dal (Andrea degli Impiccati)|Sarto, Andrea del (Andrea d' Agnolo)","(166, 172)",Andrea,172
116,"Castagno, Andrea dal (Andrea degli Impiccati)|Sarto, Andrea del (Andrea d' Agnolo)","(230, 236)",Andrea,172
116,"Castagno, Andrea dal (Andrea degli Impiccati)|Sarto, Andrea del (Andrea d' Agnolo)","(424, 427)",him,172
116,"Castagno, Andrea dal (Andrea degli Impiccati)|Sarto, Andrea del (Andrea d' Agnolo)","(435, 438)",him,172
116,"Castagno, Andrea dal (Andrea degli Impiccati)|Sarto, Andrea del (Andrea d' Agnolo)","(515, 521)",Andrea,172
116,"Castagno, Andrea dal (Andrea degli Impiccati)|Sarto, Andrea del (Andrea d' Agnolo)","(600, 603)",him,172
116,"Castagno, Andrea dal (Andrea degli Impiccati)|Sarto, Andrea del (Andrea d' Agnolo)","(613, 615)",he,172
116,"Castagno, Andrea dal (Andrea degli Impiccati)|Sarto, Andrea del (Andrea d' Agnolo)","(861, 867)",Andrea,172
116,"Castagno, Andrea dal (Andrea degli Impiccati)|Sarto, Andrea del (Andrea d' Agnolo)","(1042, 1044)",He,172
116,"Castagno, Andrea dal (Andrea degli Impiccati)|Sarto, Andrea del (Andrea d' Agnolo)","(1055, 1057)",he,172
116,"Castagno, Andrea dal (Andrea degli Impiccati)|Sarto, Andrea del (Andrea d' Agnolo)","(1138, 1160)",Andrea degl' Impiccati,172
116,"Castagno, Andrea dal (Andrea degli Impiccati)|Sarto, Andrea del (Andrea d' Agnolo)","(1162, 1164)",he,172
116,"Castagno, Andrea dal (Andrea degli Impiccati)|Sarto, Andrea del (Andrea d' Agnolo)","(1182, 1184)",he,172
116,"Castagno, Andrea dal (Andrea degli Impiccati)|Sarto, Andrea del (Andrea d' Agnolo)","(1219, 1222)",his,172
116,"Castagno, Andrea dal (Andrea degli Impiccati)|Sarto, Andrea del (Andrea d' Agnolo)","(1307, 1317)",he himself,172
116,"Castagno, Andrea dal (Andrea degli Impiccati)|Sarto, Andrea del (Andrea d' Agnolo)","(1310, 1317)",himself,172
116,"Castagno, Andrea dal (Andrea degli Impiccati)|Sarto, Andrea del (Andrea d' Agnolo)","(1345, 1347)",he,172
116,"Castagno, Andrea dal (Andrea degli Impiccati)|Sarto, Andrea del (Andrea d' Agnolo)","(1653, 1655)",he,172
116,"Castagno, Andrea dal (Andrea degli Impiccati)|Sarto, Andrea del (Andrea d' Agnolo)","(1678, 1681)",his,172
116,"Castagno, Andrea dal (Andrea degli Impiccati)|Sarto, Andrea del (Andrea d' Agnolo)","(1806, 1809)",his,172
116,"Castagno, Andrea dal (Andrea degli Impiccati)|Sarto, Andrea del (Andrea d' Agnolo)","(1912, 1918)",Andrea,172
116,"Castagno, Andrea dal (Andrea degli Impiccati)|Sarto, Andrea del (Andrea d' Agnolo)","(1938, 1941)",his,172
116,"Castagno, Andrea dal (Andrea degli Impiccati)|Sarto, Andrea del (Andrea d' Agnolo)","(2086, 2088)",he,172
117,"Sarto, Andrea del (Andrea d' Agnolo)","(26, 32)",Andrea,175
117,"Sarto, Andrea del (Andrea d' Agnolo)","(97, 100)",his,175
117,"Sarto, Andrea del (Andrea d' Agnolo)","(546, 552)",Andrea,175
117,"Sarto, Andrea del (Andrea d' Agnolo)","(585, 588)",his,175
117,"Sarto, Andrea del (Andrea d' Agnolo)","(607, 610)",his,175
117,"Sarto, Andrea del (Andrea d' Agnolo)","(643, 646)",his,175
117,"Sarto, Andrea del (Andrea d' Agnolo)","(693, 696)",his,175
117,"Sarto, Andrea del (Andrea d' Agnolo)","(750, 753)",him,175
117,"Sarto, Andrea del (Andrea d' Agnolo)","(767, 769)",he,175
117,"Sarto, Andrea del (Andrea d' Agnolo)","(836, 838)",he,175
117,"Sarto, Andrea del (Andrea d' Agnolo)","(928, 931)",his,175
118,"Sarto, Andrea del (Andrea d' Agnolo)|Sguazzella, Andrea","(13, 19)",Andrea,176
118,"Sarto, Andrea del (Andrea d' Agnolo)|Sguazzella, Andrea","(108, 110)",he,176
118,"Sarto, Andrea del (Andrea d' Agnolo)|Sguazzella, Andrea","(121, 123)",he,176
118,"Sarto, Andrea del (Andrea d' Agnolo)|Sguazzella, Andrea","(196, 198)",he,176
118,"Sarto, Andrea del (Andrea d' Agnolo)|Sguazzella, Andrea","(217, 219)",he,176
118,"Sarto, Andrea del (Andrea d' Agnolo)|Sguazzella, Andrea","(515, 521)",Andrea,176
118,"Sarto, Andrea del (Andrea d' Agnolo)|Sguazzella, Andrea","(546, 548)",he,176
118,"Sarto, Andrea del (Andrea d' Agnolo)|Sguazzella, Andrea","(653, 655)",he,176
118,"Sarto, Andrea del (Andrea d' Agnolo)|Sguazzella, Andrea","(676, 679)",his,176
118,"Sarto, Andrea del (Andrea d' Agnolo)|Sguazzella, Andrea","(789, 792)",his,176
118,"Sarto, Andrea del (Andrea d' Agnolo)|Sguazzella, Andrea","(1128, 1130)",he,176
118,"Sarto, Andrea del (Andrea d' Agnolo)|Sguazzella, Andrea","(1151, 1153)",he,176
118,"Sarto, Andrea del (Andrea d' Agnolo)|Sguazzella, Andrea","(1196, 1199)",his,176
118,"Sarto, Andrea del (Andrea d' Agnolo)|Sguazzella, Andrea","(1228, 1230)",he,176
118,"Sarto, Andrea del (Andrea d' Agnolo)|Sguazzella, Andrea","(1337, 1339)",he,176
118,"Sarto, Andrea del (Andrea d' Agnolo)|Sguazzella, Andrea","(1538, 1540)",he,176
118,"Sarto, Andrea del (Andrea d' Agnolo)|Sguazzella, Andrea","(1546, 1548)",he,176
118,"Sarto, Andrea del (Andrea d' Agnolo)|Sguazzella, Andrea","(1568, 1571)",him,176
118,"Sarto, Andrea del (Andrea d' Agnolo)|Sguazzella, Andrea","(1603, 1610)",himself,176
118,"Sarto, Andrea del (Andrea d' Agnolo)|Sguazzella, Andrea","(1612, 1614)",he,176
118,"Sarto, Andrea del (Andrea d' Agnolo)|Sguazzella, Andrea","(1648, 1651)",him,176
118,"Sarto, Andrea del (Andrea d' Agnolo)|Sguazzella, Andrea","(1720, 1722)",he,176
118,"Sarto, Andrea del (Andrea d' Agnolo)|Sguazzella, Andrea","(1733, 1735)",he,176
118,"Sarto, Andrea del (Andrea d' Agnolo)|Sguazzella, Andrea","(1763, 1766)",his,176
118,"Sarto, Andrea del (Andrea d' Agnolo)|Sguazzella, Andrea","(1855, 1858)",his,176
118,"Sarto, Andrea del (Andrea d' Agnolo)|Sguazzella, Andrea","(1877, 1880)",his,176
118,"Sarto, Andrea del (Andrea d' Agnolo)|Sguazzella, Andrea","(2037, 2039)",he,176
118,"Sarto, Andrea del (Andrea d' Agnolo)|Sguazzella, Andrea","(2085, 2088)",his,176
118,"Sarto, Andrea del (Andrea d' Agnolo)|Sguazzella, Andrea","(2109, 2111)",he,176
118,"Sarto, Andrea del (Andrea d' Agnolo)|Sguazzella, Andrea","(2317, 2323)",Andrea,176
118,"Sarto, Andrea del (Andrea d' Agnolo)|Sguazzella, Andrea","(2382, 2384)",he,176
118,"Sarto, Andrea del (Andrea d' Agnolo)|Sguazzella, Andrea","(2425, 2427)",he,176
118,"Sarto, Andrea del (Andrea d' Agnolo)|Sguazzella, Andrea","(2478, 2481)",his,176
118,"Sarto, Andrea del (Andrea d' Agnolo)|Sguazzella, Andrea","(2576, 2578)",he,176
118,"Sarto, Andrea del (Andrea d' Agnolo)|Sguazzella, Andrea","(2689, 2692)",his,176
118,"Sarto, Andrea del (Andrea d' Agnolo)|Sguazzella, Andrea","(2788, 2790)",he,176
118,"Sarto, Andrea del (Andrea d' Agnolo)|Sguazzella, Andrea","(2981, 2987)",Andrea,176
118,"Sarto, Andrea del (Andrea d' Agnolo)|Sguazzella, Andrea","(3008, 3010)",he,176
118,"Sarto, Andrea del (Andrea d' Agnolo)|Sguazzella, Andrea","(3052, 3055)",his,176
118,"Sarto, Andrea del (Andrea d' Agnolo)|Sguazzella, Andrea","(3063, 3065)",he,176
118,"Sarto, Andrea del (Andrea d' Agnolo)|Sguazzella, Andrea","(3120, 3127)",himself,176
118,"Sarto, Andrea del (Andrea d' Agnolo)|Sguazzella, Andrea","(3212, 3215)",his,176
118,"Sarto, Andrea del (Andrea d' Agnolo)|Sguazzella, Andrea","(3223, 3225)",he,176
118,"Sarto, Andrea del (Andrea d' Agnolo)|Sguazzella, Andrea","(3254, 3257)",His,176
118,"Sarto, Andrea del (Andrea d' Agnolo)|Sguazzella, Andrea","(3286, 3289)",him,176
118,"Sarto, Andrea del (Andrea d' Agnolo)|Sguazzella, Andrea","(3318, 3320)",he,176
118,"Sarto, Andrea del (Andrea d' Agnolo)|Sguazzella, Andrea","(3380, 3383)",his,176
119,"Sarto, Andrea del (Andrea d' Agnolo)","(17, 23)",Andrea,177
119,"Sarto, Andrea del (Andrea d' Agnolo)","(101, 104)",his,177
119,"Sarto, Andrea del (Andrea d' Agnolo)","(138, 141)",him,177
119,"Sarto, Andrea del (Andrea d' Agnolo)","(204, 210)",Andrea,177
119,"Sarto, Andrea del (Andrea d' Agnolo)","(219, 222)",his,177
119,"Sarto, Andrea del (Andrea d' Agnolo)","(357, 360)",his,177
119,"Sarto, Andrea del (Andrea d' Agnolo)","(451, 457)",Andrea,177
119,"Sarto, Andrea del (Andrea d' Agnolo)","(780, 786)",Andrea,177
119,"Sarto, Andrea del (Andrea d' Agnolo)","(960, 966)",Andrea,177
119,"Sarto, Andrea del (Andrea d' Agnolo)","(976, 979)",his,177
119,"Sarto, Andrea del (Andrea d' Agnolo)","(1007, 1010)",his,177
119,"Sarto, Andrea del (Andrea d' Agnolo)","(1038, 1044)",Andrea,177
119,"Sarto, Andrea del (Andrea d' Agnolo)","(1085, 1088)",him,177
119,"Sarto, Andrea del (Andrea d' Agnolo)","(1233, 1241)",Andrea's,177
119,"Sarto, Andrea del (Andrea d' Agnolo)","(1284, 1287)",his,177
119,"Sarto, Andrea del (Andrea d' Agnolo)","(1502, 1508)",Andrea,177
119,"Sarto, Andrea del (Andrea d' Agnolo)","(1624, 1634)",his master,177
119,"Sarto, Andrea del (Andrea d' Agnolo)","(1662, 1665)",him,177
119,"Sarto, Andrea del (Andrea d' Agnolo)","(1672, 1675)",his,177
119,"Sarto, Andrea del (Andrea d' Agnolo)","(1699, 1701)",he,177
119,"Sarto, Andrea del (Andrea d' Agnolo)","(1988, 2004)",ANDREA DEL SARTO,177
119,"Salviati, Francesco (Francesco de' Rossi)","(650, 668)",Francesco Salviati,177
119,"Salviati, Francesco (Francesco de' Rossi)","(721, 743)",the aforesaid Salviati,177
119,"Conti, Domenico","(1299, 1354)","Domenico Conti, who made little proficience in painting",177
119,"Conti, Domenico","(1370, 1372)",he,177
119,"Conti, Domenico","(1490, 1492)",he,177
119,"Conti, Domenico","(1561, 1569)",Domenico,177
119,"Conti, Domenico","(1624, 1627)",his,177
119,"Conti, Domenico","(1762, 1765)",him,177
119,"Conti, Domenico","(1916, 1919)",him,177
120,"Sarto, Andrea del (Andrea d' Agnolo)","(502, 508)",Andrea,180
120,"Sarto, Andrea del (Andrea d' Agnolo)","(646, 652)",Andrea,180
120,"Sarto, Andrea del (Andrea d' Agnolo)","(690, 693)",his,180
120,"Sarto, Andrea del (Andrea d' Agnolo)","(711, 718)",himself,180
120,"Sarto, Andrea del (Andrea d' Agnolo)","(763, 765)",he,180
120,"Sarto, Andrea del (Andrea d' Agnolo)","(866, 869)",his,180
120,"Sarto, Andrea del (Andrea d' Agnolo)","(953, 955)",he,180
120,"Sarto, Andrea del (Andrea d' Agnolo)","(992, 995)",his,180
120,"Sarto, Andrea del (Andrea d' Agnolo)","(1168, 1170)",he,180
120,"Sarto, Andrea del (Andrea d' Agnolo)","(1282, 1285)",his,180
120,"Sarto, Andrea del (Andrea d' Agnolo)","(1350, 1352)",he,180
120,"Sarto, Andrea del (Andrea d' Agnolo)","(1472, 1475)",his,180
120,"Sarto, Andrea del (Andrea d' Agnolo)","(1542, 1544)",he,180
128,"Anguisciuola, Sofonisba","(408, 474)","Sofonisba of Cremona, the daughter of Messer Amilcaro Anguisciuola",190
128,"Anguisciuola, Sofonisba","(593, 596)",she,190
128,"Anguisciuola, Sofonisba","(823, 826)",she,190
128,"Anguisciuola, Sofonisba","(884, 887)",her,190
128,"Anguisciuola, Sofonisba","(958, 961)",her,190
128,"Anguisciuola, Sofonisba","(973, 976)",her,190
128,"Anguisciuola, Sofonisba","(1033, 1036)",her,190
128,"Anguisciuola, Sofonisba","(1160, 1169)",Sofonisba,190
128,"Anguisciuola, Sofonisba","(1408, 1417)",Sofonisba,190
128,"Anguisciuola, Sofonisba","(1723, 1797)","Sofonisba, who lives in Spain, so that Italy has no abundance of her works",190
128,"Anguisciuola, Sofonisba","(1788, 1791)",her,190
132,"Lombardi, Alfonso","(0, 18)",Alfonso of Ferrara,194
132,"Lombardi, Alfonso","(31, 34)",his,194
132,"Lombardi, Alfonso","(168, 171)",his,194
132,"Lombardi, Alfonso","(321, 323)",he,194
132,"Lombardi, Alfonso","(369, 392)",Duke Alfonso of Ferrara,194
132,"Lombardi, Alfonso","(533, 540)",himself,194
132,"Lombardi, Alfonso","(584, 586)",he,194
132,"Lombardi, Alfonso","(692, 694)",he,194
132,"Lombardi, Alfonso","(920, 922)",he,194
132,"Lombardi, Alfonso","(953, 956)",his,194
132,"Lombardi, Alfonso","(1050, 1053)",him,194
132,"Lombardi, Alfonso","(1104, 1106)",he,194
132,"Lombardi, Alfonso","(1111, 1118)",himself,194
132,"Lombardi, Alfonso","(1172, 1174)",he,194
132,"Lombardi, Alfonso","(1202, 1204)",he,194
132,"Lombardi, Alfonso","(1258, 1260)",he,194
132,"Lombardi, Alfonso","(1327, 1330)",him,194
132,"Lombardi, Alfonso","(1416, 1418)",he,194
132,"Lombardi, Alfonso","(1632, 1634)",he,194
132,"Lombardi, Alfonso","(2075, 2077)",he,194
132,"Lombardi, Alfonso","(2336, 2343)",Alfonso,194
132,"Lombardi, Alfonso","(2374, 2389)",the same master,194
132,"Lombardi, Alfonso","(2549, 2551)",he,194
132,"Lombardi, Alfonso","(2738, 2740)",he,194
132,"Lombardi, Alfonso","(2919, 2931)",the same man,194
133,"Lombardi, Alfonso","(47, 58)",this master,195
133,"Lombardi, Alfonso","(180, 187)",Alfonso,195
133,"Lombardi, Alfonso","(316, 318)",he,195
133,"Lombardi, Alfonso","(366, 369)",his,195
133,"Lombardi, Alfonso","(409, 416)",himself,195
133,"Lombardi, Alfonso","(434, 436)",He,195
133,"Lombardi, Alfonso","(460, 463)",his,195
133,"Lombardi, Alfonso","(473, 476)",his,195
133,"Lombardi, Alfonso","(490, 493)",his,195
133,"Lombardi, Alfonso","(560, 563)",him,195
133,"Lombardi, Alfonso","(1072, 1079)",Alfonso,195
133,"Lombardi, Alfonso","(1094, 1101)",himself,195
133,"Lombardi, Alfonso","(1209, 1216)",himself,195
133,"Lombardi, Alfonso","(1262, 1264)",he,195
133,"Lombardi, Alfonso","(1289, 1292)",his,195
133,"Lombardi, Alfonso","(1443, 1445)",he,195
133,"Lombardi, Alfonso","(1572, 1575)",his,195
133,"Lombardi, Alfonso","(1585, 1587)",he,195
133,"Lombardi, Alfonso","(1647, 1650)",his,195
133,"Lombardi, Alfonso","(1810, 1813)",him,195
133,"Lombardi, Alfonso","(1814, 1817)",his,195
133,"Lombardi, Alfonso","(1925, 1927)",he,195
133,"Lombardi, Alfonso","(1973, 1980)",Alfonso,195
133,"Lombardi, Alfonso","(1991, 1994)",his,195
133,"Lombardi, Alfonso","(2082, 2084)",he,195
133,"Lombardi, Alfonso","(2130, 2132)",he,195
133,"Lombardi, Alfonso","(2172, 2179)",himself,195
133,"Lombardi, Alfonso","(2197, 2199)",he,195
133,"Lombardi, Alfonso","(2213, 2215)",he,195
134,"Lombardi, Alfonso","(138, 145)",Alfonso,196
134,"Lombardi, Alfonso","(273, 275)",he,196
134,"Lombardi, Alfonso","(324, 326)",he,196
134,"Lombardi, Alfonso","(358, 361)",him,196
134,"Lombardi, Alfonso","(388, 391)",him,196
134,"Lombardi, Alfonso","(516, 519)",him,196
134,"Lombardi, Alfonso","(585, 592)",Alfonso,196
134,"Lombardi, Alfonso","(638, 645)",Alfonso,196
134,"Lombardi, Alfonso","(742, 744)",he,196
134,"Lombardi, Alfonso","(874, 876)",he,196
134,"Lombardi, Alfonso","(1052, 1059)",Alfonso,196
134,"Lombardi, Alfonso","(1104, 1107)",his,196
134,"Lombardi, Alfonso","(1183, 1186)",him,196
134,"Lombardi, Alfonso","(1202, 1205)",you,196
134,"Lombardi, Alfonso","(1218, 1220)",He,196
134,"Lombardi, Alfonso","(1245, 1248)",his,196
134,"Lombardi, Alfonso","(1350, 1353)",him,196
134,"Lombardi, Alfonso","(1362, 1365)",you,196
134,"Lombardi, Alfonso","(1441, 1448)",Alfonso,196
134,"Lombardi, Alfonso","(1879, 1886)",Alfonso,196
134,"Lombardi, Alfonso","(1990, 1997)",Alfonso,196
134,"Lombardi, Alfonso","(2047, 2050)",his,196
134,"Lombardi, Alfonso","(2197, 2199)",he,196
134,"Lombardi, Alfonso","(2299, 2302)",him,196
134,"Vecelli, Tiziano (Tiziano da Cadore)","(54, 90)",the most excellent Tiziano da Cadore,196
134,"Vecelli, Tiziano (Tiziano da Cadore)","(285, 292)",Tiziano,196
134,"Vecelli, Tiziano (Tiziano da Cadore)","(315, 318)",him,196
134,"Vecelli, Tiziano (Tiziano da Cadore)","(345, 347)",he,196
134,"Vecelli, Tiziano (Tiziano da Cadore)","(560, 562)",he,196
134,"Vecelli, Tiziano (Tiziano da Cadore)","(598, 601)",him,196
134,"Vecelli, Tiziano (Tiziano da Cadore)","(658, 665)",Tiziano,196
134,"Vecelli, Tiziano (Tiziano da Cadore)","(767, 815)","the other, who was wholly intent on his portrait",196
134,"Vecelli, Tiziano (Tiziano da Cadore)","(971, 978)",Tiziano,196
134,"Vecelli, Tiziano (Tiziano da Cadore)","(1000, 1003)",his,196
134,"Vecelli, Tiziano (Tiziano da Cadore)","(1132, 1139)",Tiziano,196
134,"Vecelli, Tiziano (Tiziano da Cadore)","(1563, 1570)",Tiziano,196
134,"Vecelli, Tiziano (Tiziano da Cadore)","(1659, 1662)",him,196
134,"Vecelli, Tiziano (Tiziano da Cadore)","(1668, 1670)",he,196
134,"Vecelli, Tiziano (Tiziano da Cadore)","(1687, 1690)",his,196
134,"Vecelli, Tiziano (Tiziano da Cadore)","(1728, 1731)",him,196
134,"Vecelli, Tiziano (Tiziano da Cadore)","(1816, 1823)",Tiziano,196
134,"Vecelli, Tiziano (Tiziano da Cadore)","(1833, 1836)",him,196
134,"Vecelli, Tiziano (Tiziano da Cadore)","(1966, 1973)",Tiziano,196
135,"Lombardi, Alfonso","(0, 7)",Alfonso,197
135,"Lombardi, Alfonso","(80, 83)",him,197
135,"Lombardi, Alfonso","(134, 137)",him,197
135,"Lombardi, Alfonso","(281, 284)",him,197
135,"Lombardi, Alfonso","(379, 386)",Alfonso,197
135,"Lombardi, Alfonso","(417, 420)",him,197
135,"Lombardi, Alfonso","(458, 460)",he,197
135,"Lombardi, Alfonso","(1248, 1255)",Alfonso,197
135,"Lombardi, Alfonso","(1257, 1259)",he,197
135,"Lombardi, Alfonso","(1509, 1516)",Alfonso,197
135,"Lombardi, Alfonso","(1528, 1530)",he,197
135,"Lombardi, Alfonso","(1855, 1862)",Alfonso,197
135,"Lombardi, Alfonso","(1872, 1874)",he,197
136,"Lombardi, Alfonso","(16, 23)",Alfonso,199
136,"Lombardi, Alfonso","(42, 45)",his,199
136,"Lombardi, Alfonso","(75, 82)",himself,199
136,"Lombardi, Alfonso","(150, 152)",he,199
136,"Lombardi, Alfonso","(404, 411)",Alfonso,199
136,"Lombardi, Alfonso","(720, 727)",Alfonso,199
136,"Lombardi, Alfonso","(767, 769)",he,199
136,"Lombardi, Alfonso","(891, 893)",he,199
136,"Lombardi, Alfonso","(931, 933)",he,199
136,"Lombardi, Alfonso","(1069, 1076)",Alfonso,199
136,"Lombardi, Alfonso","(1234, 1237)",him,199
136,"Lombardi, Alfonso","(1298, 1301)",him,199
136,"Lombardi, Alfonso","(1370, 1372)",he,199
136,"Lombardi, Alfonso","(1449, 1452)",him,199
136,"Lombardi, Alfonso","(1473, 1475)",he,199
136,"Lombardi, Alfonso","(1533, 1536)",him,199
136,"Lombardi, Alfonso","(1596, 1599)",his,199
136,"Lombardi, Alfonso","(1632, 1635)",him,199
136,"Lombardi, Alfonso","(1703, 1710)",Alfonso,199
137,"Siena, Michelagnolo da","(0, 33)","Michelagnolo, a sculptor of Siena",200
137,"Siena, Michelagnolo da","(41, 43)",he,200
137,"Siena, Michelagnolo da","(72, 75)",his,200
137,"Siena, Michelagnolo da","(131, 134)",his,200
137,"Siena, Michelagnolo da","(514, 566)","the sculptor Michelagnolo, his friend and compatriot",200
137,"Siena, Michelagnolo da","(597, 600)",his,200
137,"Siena, Michelagnolo da","(614, 626)",Michelagnolo,200
137,"Siena, Michelagnolo da","(1035, 1047)",Michelagnolo,200
137,"Siena, Michelagnolo da","(1268, 1280)",Michelagnolo,200
137,"Siena, Michelagnolo da","(1604, 1616)",Michelagnolo,200
137,"Siena, Michelagnolo da","(1740, 1743)",his,200
137,"Siena, Michelagnolo da","(1875, 1878)",him,200
137,"Siena, Michelagnolo da","(1913, 1925)",Michelagnolo,200
137,"Siena, Michelagnolo da","(1929, 1932)",his,200
137,"Siena, Michelagnolo da","(1959, 1962)",his,200
137,"Siena, Michelagnolo da","(2018, 2030)",Michelagnolo,200
138,"Santa Croce, Girolamo","(0, 30)",Girolamo Santa Croce of Naples,201
138,"Santa Croce, Girolamo","(41, 43)",he,201
138,"Santa Croce, Girolamo","(152, 155)",him,201
138,"Santa Croce, Girolamo","(199, 201)",he,201
138,"Santa Croce, Girolamo","(224, 227)",his,201
138,"Santa Croce, Girolamo","(244, 246)",he,201
138,"Santa Croce, Girolamo","(266, 268)",he,201
138,"Santa Croce, Girolamo","(306, 308)",he,201
138,"Santa Croce, Girolamo","(596, 598)",he,201
138,"Santa Croce, Girolamo","(911, 919)",Girolamo,201
138,"Santa Croce, Girolamo","(1036, 1038)",he,201
138,"Santa Croce, Girolamo","(1123, 1125)",he,201
138,"Santa Croce, Girolamo","(1262, 1270)",Girolamo,201
138,"Santa Croce, Girolamo","(1344, 1347)",his,201
138,"Santa Croce, Girolamo","(1523, 1531)",Girolamo,201
138,"Santa Croce, Girolamo","(1734, 1737)",his,201
138,"Santa Croce, Girolamo","(1745, 1753)",Girolamo,201
138,"Santa Croce, Girolamo","(1848, 1850)",he,201
138,"Santa Croce, Girolamo","(1970, 1972)",he,201
138,"Santa Croce, Girolamo","(2040, 2042)",he,201
138,"Santa Croce, Girolamo","(2121, 2124)",his,201
138,"Santa Croce, Girolamo","(2144, 2146)",he,201
138,"Santa Croce, Girolamo","(2342, 2344)",he,201
138,"Santa Croce, Girolamo","(2467, 2469)",He,201
138,"Santa Croce, Girolamo","(2531, 2534)",his,201
138,"Santa Croce, Girolamo","(2564, 2566)",he,201
138,"Santa Croce, Girolamo","(2771, 2774)",him,201
138,"Santa Croce, Girolamo","(2843, 2851)",Girolamo,201
138,"Santa Croce, Girolamo","(2856, 2858)",he,201
138,"Santa Croce, Girolamo","(2878, 2880)",he,201
138,"Santa Croce, Girolamo","(2901, 2904)",his,201
138,"Santa Croce, Girolamo","(2920, 2923)",his,201
138,"Santa Croce, Girolamo","(2983, 2986)",his,201
138,"Santa Croce, Girolamo","(3003, 3006)",his,201
138,"Santa Croce, Girolamo","(3078, 3080)",he,201
138,"Santa Croce, Girolamo","(3288, 3291)",him,201
138,"Santa Croce, Girolamo","(3348, 3351)",him,201
138,"Santa Croce, Girolamo","(3353, 3356)",His,201
138,"Santa Croce, Girolamo","(3410, 3412)",he,201
138,"Nola, Giovanni da","(1158, 1174)",Giovanni da Nola,201
138,"Nola, Giovanni da","(1298, 1301)",him,201
138,"Nola, Giovanni da","(1313, 1315)",he,201
138,"Nola, Giovanni da","(1344, 1353)",his rival,201
138,"Nola, Giovanni da","(1507, 1515)",Giovanni,201
138,"Nola, Giovanni da","(1650, 1658)",Giovanni,201
138,"Nola, Giovanni da","(1688, 1691)",his,201
139,"Nola, Giovanni da","(7, 9)",he,203
139,"Nola, Giovanni da","(107, 110)",him,203
139,"Nola, Giovanni da","(194, 197)",Him,203
139,"Nola, Giovanni da","(358, 366)",Giovanni,203
139,"Nola, Giovanni da","(648, 650)",he,203
139,"Nola, Giovanni da","(685, 693)",Giovanni,203
139,"Dossi, Dosso","(938, 940)",he,203
139,"Dossi, Dosso","(1019, 1026)",himself,203
139,"Dossi, Dosso","(1030, 1033)",his,203
139,"Dossi, Dosso","(1095, 1098)",his,203
139,"Dossi, Dosso","(1127, 1130)",his,203
139,"Dossi, Dosso","(1163, 1166)",his,203
139,"Dossi, Dosso","(1194, 1197)",his,203
139,"Dossi, Dosso","(1219, 1222)",him,203
139,"Dossi, Dosso","(1328, 1333)",Dosso,203
139,"Dossi, Dosso","(1376, 1378)",he,203
139,"Dossi, Dosso","(1400, 1403)",his,203
139,"Dossi, Dosso","(1660, 1665)",Dosso,203
139,"Dossi, Dosso","(1721, 1724)",his,203
139,"Dossi, Dosso","(1781, 1783)",he,203
139,"Dossi, Dosso","(1875, 1880)",Dosso,203
139,"Dossi, Dosso","(2152, 2154)",he,203
139,"Dossi, Dosso","(2267, 2269)",he,203
139,"Dossi, Dosso","(2319, 2322)",his,203
140,"Dossi, Dosso","(344, 349)",Dosso,206
140,"Dossi, Dosso","(620, 625)",Dosso,206
140,"Dossi, Battista","(354, 373)",Battista of Ferrara,206
140,"Dossi, Battista","(630, 638)",Battista,206
141,"Dossi, Battista","(80, 123)","the Chevalier, M. Giovan Battista de' Buosi",208
141,"Dossi, Battista","(282, 296)",that Chevalier,208
141,"Dossi, Battista","(518, 526)",Battista,208
141,"Dossi, Battista","(565, 572)",himself,208
141,"Dossi, Battista","(590, 597)",himself,208
141,"Dossi, Dosso","(379, 384)",Dosso,208
141,"Dossi, Dosso","(410, 413)",his,208
141,"Dossi, Dosso","(477, 480)",his,208
141,"Dossi, Dosso","(536, 539)",him,208
141,"Dossi, Dosso","(619, 624)",Dosso,208
141,"Dossi, Dosso","(639, 642)",his,208
141,"Bernazzano, Cesare","(696, 820)","the Milanese Bernazzano, a very excellent painter of landscapes, herbage, animals, and other things of earth, air, and water",208
141,"Bernazzano, Cesare","(849, 856)",himself,208
141,"Bernazzano, Cesare","(894, 896)",he,208
141,"Bernazzano, Cesare","(934, 936)",he,208
141,"Bernazzano, Cesare","(948, 955)",himself,208
141,"Bernazzano, Cesare","(1048, 1058)",Bernazzano,208
141,"Bernazzano, Cesare","(1134, 1136)",he,208
146,"Bellini, Giovanni","(6, 22)",Giovanni Bellini,211
146,"Bellini, Giovanni","(58, 61)",his,211
146,"Bellini, Giovanni","(96, 98)",he,211
146,"Bellini, Giovanni","(340, 347)",Bellini,211
146,"Bellini, Giovanni|Licinio, Giovanni Antonio (Cuticello, or Pordenone)|Udine, Giovanni da (Giovanni Martini)","(235, 260)",Giovanni Martini of Udine,211
146,"Bellini, Giovanni|Licinio, Giovanni Antonio (Cuticello, or Pordenone)|Udine, Giovanni da (Giovanni Martini)","(297, 305)",Giovanni,211
146,"Bellini, Giovanni|Licinio, Giovanni Antonio (Cuticello, or Pordenone)|Udine, Giovanni da (Giovanni Martini)","(307, 309)",He,211
146,"Bellini, Giovanni|Licinio, Giovanni Antonio (Cuticello, or Pordenone)|Udine, Giovanni da (Giovanni Martini)","(398, 400)",he,211
146,"Bellini, Giovanni|Licinio, Giovanni Antonio (Cuticello, or Pordenone)|Udine, Giovanni da (Giovanni Martini)","(454, 456)",he,211
146,"Bellini, Giovanni|Licinio, Giovanni Antonio (Cuticello, or Pordenone)|Udine, Giovanni da (Giovanni Martini)","(525, 527)",he,211
146,"Bellini, Giovanni|Licinio, Giovanni Antonio (Cuticello, or Pordenone)|Udine, Giovanni da (Giovanni Martini)","(648, 650)",he,211
146,"Bellini, Giovanni|Licinio, Giovanni Antonio (Cuticello, or Pordenone)|Udine, Giovanni da (Giovanni Martini)","(742, 745)",his,211
146,"Bellini, Giovanni|Licinio, Giovanni Antonio (Cuticello, or Pordenone)|Udine, Giovanni da (Giovanni Martini)","(795, 797)",he,211
146,"Bellini, Giovanni|Licinio, Giovanni Antonio (Cuticello, or Pordenone)|Udine, Giovanni da (Giovanni Martini)","(822, 825)",his,211
146,"Bellini, Giovanni|Licinio, Giovanni Antonio (Cuticello, or Pordenone)|Udine, Giovanni da (Giovanni Martini)","(864, 875)",this master,211
146,"Bellini, Giovanni|Licinio, Giovanni Antonio (Cuticello, or Pordenone)|Udine, Giovanni da (Giovanni Martini)","(1109, 1111)",he,211
146,"Bellini, Giovanni|Licinio, Giovanni Antonio (Cuticello, or Pordenone)|Udine, Giovanni da (Giovanni Martini)","(1371, 1384)",This Giovanni,211
146,"Bellini, Giovanni|Licinio, Giovanni Antonio (Cuticello, or Pordenone)|Udine, Giovanni da (Giovanni Martini)","(1594, 1597)",his,211
146,"Bellini, Giovanni|Licinio, Giovanni Antonio (Cuticello, or Pordenone)|Udine, Giovanni da (Giovanni Martini)","(1631, 1633)",he,211
146,"Bellini, Giovanni|Licinio, Giovanni Antonio (Cuticello, or Pordenone)|Udine, Giovanni da (Giovanni Martini)","(1674, 1677)",his,211
146,"Bellini, Giovanni|Licinio, Giovanni Antonio (Cuticello, or Pordenone)|Udine, Giovanni da (Giovanni Martini)","(1811, 1822)",her husband,211
147,"Licinio, Giovanni Antonio (Cuticello, or Pordenone)|Udine, Giovanni da (Giovanni Martini)","(46, 54)",Giovanni,212
147,"Licinio, Giovanni Antonio (Cuticello, or Pordenone)|Udine, Giovanni da (Giovanni Martini)","(167, 183)",Giovanni Bellini,212
147,"Licinio, Giovanni Antonio (Cuticello, or Pordenone)|Udine, Giovanni da (Giovanni Martini)","(198, 200)",he,212
147,"Licinio, Giovanni Antonio (Cuticello, or Pordenone)|Udine, Giovanni da (Giovanni Martini)","(228, 230)",he,212
147,"Licinio, Giovanni Antonio (Cuticello, or Pordenone)|Udine, Giovanni da (Giovanni Martini)","(283, 286)",his,212
147,"Licinio, Giovanni Antonio (Cuticello, or Pordenone)|Udine, Giovanni da (Giovanni Martini)","(336, 339)",his,212
147,"Licinio, Giovanni Antonio (Cuticello, or Pordenone)|Udine, Giovanni da (Giovanni Martini)","(361, 363)",he,212
147,"Licinio, Giovanni Antonio (Cuticello, or Pordenone)|Udine, Giovanni da (Giovanni Martini)","(402, 405)",his,212
147,"Licinio, Giovanni Antonio (Cuticello, or Pordenone)|Udine, Giovanni da (Giovanni Martini)","(521, 524)",his,212
147,"Licinio, Giovanni Antonio (Cuticello, or Pordenone)|Udine, Giovanni da (Giovanni Martini)","(551, 553)",he,212
147,"Licinio, Giovanni Antonio (Cuticello, or Pordenone)|Udine, Giovanni da (Giovanni Martini)","(572, 574)",he,212
147,"Licinio, Giovanni Antonio (Cuticello, or Pordenone)|Udine, Giovanni da (Giovanni Martini)","(655, 657)",He,212
147,"Licinio, Giovanni Antonio (Cuticello, or Pordenone)|Udine, Giovanni da (Giovanni Martini)","(993, 995)",he,212
147,"Licinio, Giovanni Antonio (Cuticello, or Pordenone)|Udine, Giovanni da (Giovanni Martini)","(1089, 1091)",he,212
147,"Licinio, Giovanni Antonio (Cuticello, or Pordenone)|Udine, Giovanni da (Giovanni Martini)","(1499, 1501)",he,212
147,"Licinio, Giovanni Antonio (Cuticello, or Pordenone)|Udine, Giovanni da (Giovanni Martini)","(1566, 1568)",he,212
147,"Licinio, Giovanni Antonio (Cuticello, or Pordenone)|Udine, Giovanni da (Giovanni Martini)","(1713, 1723)",Pellegrino,212
147,"Licinio, Giovanni Antonio (Cuticello, or Pordenone)|Udine, Giovanni da (Giovanni Martini)","(2259, 2262)",his,212
147,"Licinio, Giovanni Antonio (Cuticello, or Pordenone)|Udine, Giovanni da (Giovanni Martini)","(2315, 2317)",he,212
147,"Licinio, Giovanni Antonio (Cuticello, or Pordenone)|Udine, Giovanni da (Giovanni Martini)","(2399, 2401)",he,212
147,"Licinio, Giovanni Antonio (Cuticello, or Pordenone)|Udine, Giovanni da (Giovanni Martini)","(2469, 2471)",He,212
147,"Licinio, Giovanni Antonio (Cuticello, or Pordenone)|Udine, Giovanni da (Giovanni Martini)","(2493, 2496)",his,212
147,"Licinio, Giovanni Antonio (Cuticello, or Pordenone)|Udine, Giovanni da (Giovanni Martini)","(2580, 2582)",he,212
147,"Licinio, Giovanni Antonio (Cuticello, or Pordenone)|Udine, Giovanni da (Giovanni Martini)","(2668, 2671)",his,212
147,"Licinio, Giovanni Antonio (Cuticello, or Pordenone)|Udine, Giovanni da (Giovanni Martini)","(1533, 1555)",the aforesaid Giovanni,212
147,"Licinio, Giovanni Antonio (Cuticello, or Pordenone)|Udine, Giovanni da (Giovanni Martini)","(1657, 1665)",Giovanni,212
148,"Florigorio, Bastianello (Sebastiano Florigerio)","(6, 9)",his,213
148,"Florigorio, Bastianello (Sebastiano Florigerio)","(26, 28)",he,213
148,"Florigorio, Bastianello (Sebastiano Florigerio)","(196, 206)",Pellegrino,213
148,"Florigorio, Bastianello (Sebastiano Florigerio)","(268, 278)",Pellegrino,213
148,"Florigorio, Bastianello (Sebastiano Florigerio)","(867, 886)",the same Pellegrino,213
148,"Florigorio, Bastianello (Sebastiano Florigerio)","(1511, 1522)",Bastianello,213
148,"Florigorio, Bastianello (Sebastiano Florigerio)","(1544, 1547)",his,213
148,"Florigorio, Bastianello (Sebastiano Florigerio)","(1562, 1564)",He,213
148,"Florigorio, Bastianello (Sebastiano Florigerio)","(1814, 1829)",The same master,213
148,"Florigorio, Bastianello (Sebastiano Florigerio)","(2026, 2028)",he,213
148,"Florigorio, Bastianello (Sebastiano Florigerio)","(2144, 2155)",Bastianello,213
148,"Florigorio, Bastianello (Sebastiano Florigerio)","(2193, 2195)",he,213
148,"Florigorio, Bastianello (Sebastiano Florigerio)","(2277, 2279)",He,213
148,"Florigorio, Bastianello (Sebastiano Florigerio)","(2314, 2316)",he,213
148,"Florigorio, Bastianello (Sebastiano Florigerio)","(2442, 2444)",he,213
148,"Florigorio, Bastianello (Sebastiano Florigerio)","(2684, 2695)",Bastianello,213
149,"Liberale, Gensio","(780, 795)",Gensio Liberale,216
149,"Liberale, Gensio","(838, 841)",his,216
149,"Liberale, Gensio","(872, 874)",he,216
149,"Liberale, Gensio","(921, 932)",This master,216
149,"Liberale, Gensio","(1020, 1022)",he,216
149,"Liberale, Gensio","(1037, 1039)",he,216
151,"Licinio, Giovanni Antonio (Cuticello, or Pordenone)","(146, 161)",the same master,220
151,"Licinio, Giovanni Antonio (Cuticello, or Pordenone)","(487, 496)",Pordenone,220
151,"Licinio, Giovanni Antonio (Cuticello, or Pordenone)","(601, 603)",he,220
151,"Licinio, Giovanni Antonio (Cuticello, or Pordenone)","(609, 612)",his,220
151,"Licinio, Giovanni Antonio (Cuticello, or Pordenone)","(634, 636)",he,220
151,"Licinio, Giovanni Antonio (Cuticello, or Pordenone)","(1027, 1029)",he,220
151,"Licinio, Giovanni Antonio (Cuticello, or Pordenone)","(1104, 1106)",he,220
151,"Licinio, Giovanni Antonio (Cuticello, or Pordenone)","(1187, 1190)",his,220
151,"Licinio, Giovanni Antonio (Cuticello, or Pordenone)","(1332, 1334)",he,220
151,"Licinio, Giovanni Antonio (Cuticello, or Pordenone)","(1514, 1516)",He,220
151,"Licinio, Giovanni Antonio (Cuticello, or Pordenone)","(1832, 1835)",him,220
151,"Licinio, Giovanni Antonio (Cuticello, or Pordenone)","(1874, 1877)",him,220
152,"Licinio, Giovanni Antonio (Cuticello, or Pordenone)","(34, 36)",he,223
152,"Licinio, Giovanni Antonio (Cuticello, or Pordenone)","(71, 73)",he,223
152,"Licinio, Giovanni Antonio (Cuticello, or Pordenone)","(233, 236)",his,223
152,"Licinio, Giovanni Antonio (Cuticello, or Pordenone)","(271, 273)",He,223
152,"Licinio, Giovanni Antonio (Cuticello, or Pordenone)","(587, 590)",his,223
152,"Licinio, Giovanni Antonio (Cuticello, or Pordenone)","(664, 673)",Pordenone,223
152,"Licinio, Giovanni Antonio (Cuticello, or Pordenone)","(808, 811)",him,223
152,"Licinio, Giovanni Antonio (Cuticello, or Pordenone)","(858, 861)",his,223
152,"Licinio, Giovanni Antonio (Cuticello, or Pordenone)","(873, 876)",his,223
152,"Licinio, Giovanni Antonio (Cuticello, or Pordenone)","(933, 940)",himself,223
152,"Licinio, Giovanni Antonio (Cuticello, or Pordenone)","(962, 964)",he,223
152,"Licinio, Giovanni Antonio (Cuticello, or Pordenone)","(1112, 1114)",he,223
152,"Licinio, Giovanni Antonio (Cuticello, or Pordenone)","(1334, 1337)",his,223
152,"Licinio, Giovanni Antonio (Cuticello, or Pordenone)","(1446, 1449)",him,223
152,"Licinio, Giovanni Antonio (Cuticello, or Pordenone)","(1465, 1468)",him,223
152,"Licinio, Giovanni Antonio (Cuticello, or Pordenone)","(1514, 1517)",his,223
152,"Licinio, Giovanni Antonio (Cuticello, or Pordenone)","(1531, 1534)",his,223
152,"Licinio, Giovanni Antonio (Cuticello, or Pordenone)","(1612, 1614)",he,223
152,"Licinio, Giovanni Antonio (Cuticello, or Pordenone)","(1735, 1738)",his,223
152,"Licinio, Giovanni Antonio (Cuticello, or Pordenone)","(1770, 1772)",he,223
152,"Licinio, Giovanni Antonio (Cuticello, or Pordenone)","(1931, 1933)",he,223
152,"Licinio, Giovanni Antonio (Cuticello, or Pordenone)","(2164, 2179)",the same master,223
152,"Licinio, Giovanni Antonio (Cuticello, or Pordenone)","(2471, 2473)",he,223
152,"Vecelli, Tiziano (Tiziano da Cadore)","(890, 916)",the most excellent Tiziano,223
152,"Vecelli, Tiziano (Tiziano da Cadore)","(957, 960)",him,223
152,"Vecelli, Tiziano (Tiziano da Cadore)","(1081, 1088)",Tiziano,223
153,"Vecelli, Tiziano (Tiziano da Cadore)","(223, 230)",Tiziano,226
153,"Vecelli, Tiziano (Tiziano da Cadore)","(605, 612)",Tiziano,226
153,"Vecelli, Tiziano (Tiziano da Cadore)","(856, 863)",Tiziano,226
153,"Vaga, Perino del (Perino Buonaccorsi, or de' Ceri)","(1458, 1500)","Perino del Vaga, a very celebrated painter",226
153,"Vaga, Perino del (Perino Buonaccorsi, or de' Ceri)","(1665, 1671)",Perino,226
153,"Vaga, Perino del (Perino Buonaccorsi, or de' Ceri)","(1740, 1743)",him,226
153,"Vaga, Perino del (Perino Buonaccorsi, or de' Ceri)","(1777, 1779)",he,226
153,"Vaga, Perino del (Perino Buonaccorsi, or de' Ceri)","(1797, 1804)",himself,226
153,"Vaga, Perino del (Perino Buonaccorsi, or de' Ceri)","(2205, 2211)",Perino,226
153,"Vaga, Perino del (Perino Buonaccorsi, or de' Ceri)","(2586, 2592)",Perino,226
153,"Vaga, Perino del (Perino Buonaccorsi, or de' Ceri)","(2629, 2636)",himself,226
153,"Licinio, Giovanni Antonio (Cuticello, or Pordenone)","(1880, 1883)",his,226
153,"Licinio, Giovanni Antonio (Cuticello, or Pordenone)","(1898, 1900)",he,226
153,"Licinio, Giovanni Antonio (Cuticello, or Pordenone)","(2027, 2029)",He,226
153,"Licinio, Giovanni Antonio (Cuticello, or Pordenone)","(2224, 2233)",Pordenone,226
153,"Licinio, Giovanni Antonio (Cuticello, or Pordenone)","(2245, 2255)",the latter,226
153,"Licinio, Giovanni Antonio (Cuticello, or Pordenone)","(2273, 2276)",his,226
153,"Licinio, Giovanni Antonio (Cuticello, or Pordenone)","(2357, 2366)",Pordenone,226
154,"Carpi, Girolamo da (Girolamo da Ferrara)","(332, 351)",Girolamo da Ferrara,228
154,"Carpi, Girolamo da (Girolamo da Ferrara)","(534, 545)",that Prince,228
155,"Amalteo, Pomponio","(67, 70)",his,229
155,"Amalteo, Pomponio","(127, 130)",his,229
155,"Amalteo, Pomponio","(139, 152)",This Pomponio,229
155,"Amalteo, Pomponio","(216, 223)",himself,229
155,"Amalteo, Pomponio","(241, 244)",his,229
155,"Amalteo, Pomponio","(586, 598)",the same man,229
155,"Amalteo, Pomponio","(993, 1001)",Pomponio,229
155,"Amalteo, Pomponio","(1163, 1166)",his,229
155,"Amalteo, Pomponio","(1214, 1216)",he,229
155,"Amalteo, Pomponio","(1359, 1361)",he,229
155,"Licinio, Giovanni Antonio (Cuticello, or Pordenone)","(12, 21)",Pordenone,229
155,"Licinio, Giovanni Antonio (Cuticello, or Pordenone)","(127, 137)",his master,229
155,"Licinio, Giovanni Antonio (Cuticello, or Pordenone)","(171, 182)",that master,229
155,"Licinio, Giovanni Antonio (Cuticello, or Pordenone)","(1559, 1568)",Pordenone,229
155,"Licinio, Giovanni Antonio (Cuticello, or Pordenone)","(2019, 2028)",Pordenone,229
155,"Licinio, Giovanni Antonio (Cuticello, or Pordenone)","(2089, 2092)",him,229
155,"Licinio, Giovanni Antonio (Cuticello, or Pordenone)","(2147, 2149)",he,229
155,"Licinio, Giovanni Antonio (Cuticello, or Pordenone)","(2207, 2209)",he,229
155,"Licinio, Giovanni Antonio (Cuticello, or Pordenone)","(2303, 2306)",his,229
155,"Licinio, Giovanni Antonio (Cuticello, or Pordenone)","(2392, 2394)",he,229
159,"Credi, Lorenzo di","(770, 786)",Lorenzo di Credi,232
159,"Credi, Lorenzo di","(826, 829)",him,232
159,"Credi, Lorenzo di","(841, 844)",him,232
159,"Credi, Lorenzo di","(867, 870)",him,232
159,"Credi, Lorenzo di","(1024, 1034)",his master,232
159,"Credi, Lorenzo di","(1059, 1062)",his,232
159,"Credi, Lorenzo di","(1250, 1257)",Lorenzo,232
159,"Credi, Lorenzo di","(1371, 1378)",Lorenzo,232
160,"Sogliani, Giovanni Antonio","(24, 27)",his,233
160,"Sogliani, Giovanni Antonio","(36, 38)",he,233
160,"Sogliani, Giovanni Antonio","(226, 242)",Giovanni Antonio,233
160,"Sogliani, Giovanni Antonio","(377, 380)",his,233
160,"Sogliani, Giovanni Antonio","(427, 429)",he,233
160,"Sogliani, Giovanni Antonio","(494, 496)",he,233
160,"Sogliani, Giovanni Antonio","(543, 546)",his,233
160,"Sogliani, Giovanni Antonio","(560, 563)",his,233
160,"Sogliani, Giovanni Antonio","(597, 600)",his,233
160,"Sogliani, Giovanni Antonio","(896, 899)",his,233
160,"Sogliani, Giovanni Antonio","(957, 959)",He,233
160,"Sogliani, Giovanni Antonio","(1179, 1181)",he,233
160,"Sogliani, Giovanni Antonio","(1992, 2000)",Sogliani,233
160,"San Marco, Fra Bartolommeo di (Baccio della Porta)","(297, 325)",Fra Bartolommeo di San Marco,233
160,"San Marco, Fra Bartolommeo di (Baccio della Porta)","(506, 518)",that painter,233
161,"Sogliani, Giovanni Antonio","(0, 15)",The same master,235
161,"Sogliani, Giovanni Antonio","(163, 165)",he,235
161,"Sogliani, Giovanni Antonio","(407, 415)",Sogliani,235
161,"Sogliani, Giovanni Antonio","(704, 706)",he,235
161,"Sogliani, Giovanni Antonio","(878, 880)",he,235
161,"Sogliani, Giovanni Antonio","(1202, 1204)",he,235
161,"Sogliani, Giovanni Antonio","(1422, 1424)",he,235
161,"Sogliani, Giovanni Antonio","(1430, 1433)",his,235
161,"Sogliani, Giovanni Antonio","(1591, 1593)",he,235
161,"Sogliani, Giovanni Antonio","(1727, 1729)",he,235
161,"Sogliani, Giovanni Antonio","(1941, 1944)",him,235
161,"Sogliani, Giovanni Antonio","(1984, 1986)",he,235
161,"Sogliani, Giovanni Antonio","(2212, 2214)",he,235
161,"Sogliani, Giovanni Antonio","(2454, 2462)",Sogliani,235
161,"Sogliani, Giovanni Antonio","(2708, 2724)",Giovanni Antonio,235
161,"Sogliani, Giovanni Antonio","(2770, 2773)",his,235
162,"Vaga, Perino del (Perino Buonaccorsi, or de' Ceri)","(25, 40)",Perino del Vaga,237
162,"Vaga, Perino del (Perino Buonaccorsi, or de' Ceri)","(83, 86)",his,237
162,"Vaga, Perino del (Perino Buonaccorsi, or de' Ceri)","(408, 411)",his,237
162,"Vaga, Perino del (Perino Buonaccorsi, or de' Ceri)","(508, 514)",Perino,237
162,"Sogliani, Giovanni Antonio","(540, 556)",Giovanni Antonio,237
162,"Sogliani, Giovanni Antonio","(581, 584)",his,237
162,"Sogliani, Giovanni Antonio","(684, 687)",his,237
162,"Sogliani, Giovanni Antonio","(843, 851)",Sogliani,237
162,"Sogliani, Giovanni Antonio","(1399, 1407)",Sogliani,237
162,"Sogliani, Giovanni Antonio","(1468, 1470)",he,237
162,"Sogliani, Giovanni Antonio","(1524, 1527)",him,237
162,"Sogliani, Giovanni Antonio","(1528, 1531)",his,237
162,"Sogliani, Giovanni Antonio","(1569, 1572)",his,237
162,"Sogliani, Giovanni Antonio","(1703, 1705)",he,237
162,"Sogliani, Giovanni Antonio","(1815, 1817)",he,237
162,"Sogliani, Giovanni Antonio","(2036, 2039)",His,237
162,"Sogliani, Giovanni Antonio","(2082, 2090)",Sogliani,237
162,"Sogliani, Giovanni Antonio","(2162, 2164)",he,237
162,"Sogliani, Giovanni Antonio","(2169, 2172)",his,237
162,"Sogliani, Giovanni Antonio","(2287, 2289)",he,237
162,"Sogliani, Giovanni Antonio","(2611, 2627)",Giovanni Antonio,237
162,"Sogliani, Giovanni Antonio","(2646, 2649)",his,237
162,"Sogliani, Giovanni Antonio","(2785, 2788)",his,237
162,"Sogliani, Giovanni Antonio","(2802, 2804)",he,237
162,"Sogliani, Giovanni Antonio","(2849, 2851)",he,237
162,"Sogliani, Giovanni Antonio","(2862, 2869)",himself,237
162,"Sogliani, Giovanni Antonio","(2930, 2932)",he,237
164,"Sogliani, Giovanni Antonio","(10, 18)",Sogliani,239
164,"Sogliani, Giovanni Antonio","(92, 94)",he,239
164,"Sogliani, Giovanni Antonio","(295, 310)",The same master,239
164,"Sogliani, Giovanni Antonio","(434, 436)",he,239
164,"Sogliani, Giovanni Antonio","(509, 512)",his,239
164,"Sarto, Andrea del (Andrea d' Agnolo)","(75, 91)",Andrea del Sarto,239
164,"Sarto, Andrea del (Andrea d' Agnolo)","(169, 184)",the said Andrea,239
165,"Sogliani, Giovanni Antonio","(242, 258)",Giovanni Antonio,240
165,"Sogliani, Giovanni Antonio","(399, 402)",his,240
165,"Sogliani, Giovanni Antonio","(415, 417)",he,240
165,"Sogliani, Giovanni Antonio","(659, 661)",he,240
165,"Sogliani, Giovanni Antonio","(881, 883)",he,240
165,"Sogliani, Giovanni Antonio","(1107, 1109)",he,240
165,"Sogliani, Giovanni Antonio","(1409, 1417)",Sogliani,240
165,"Sogliani, Giovanni Antonio","(1458, 1460)",he,240
165,"Sogliani, Giovanni Antonio","(1479, 1481)",he,240
165,"Sogliani, Giovanni Antonio","(1824, 1832)",Sogliani,240
165,"Sogliani, Giovanni Antonio","(1943, 1954)",the painter,240
165,"Sogliani, Giovanni Antonio","(1979, 1982)",his,240
165,"Sogliani, Giovanni Antonio","(1997, 2000)",his,240
165,"Sogliani, Giovanni Antonio","(2103, 2111)",Sogliani,240
165,"Sogliani, Giovanni Antonio","(2979, 2987)",Sogliani,240
165,"Sogliani, Giovanni Antonio","(3048, 3051)",his,240
165,"Sogliani, Giovanni Antonio","(3093, 3096)",his,240
165,"Sogliani, Giovanni Antonio","(3121, 3124)",his,240
165,"Sogliani, Giovanni Antonio","(3416, 3419)",his,240
170,"Treviso, Girolamo da (Girolamo Trevigi)","(0, 12)",This painter,246
170,"Treviso, Girolamo da (Girolamo Trevigi)","(61, 63)",he,246
170,"Treviso, Girolamo da (Girolamo Trevigi)","(90, 92)",he,246
170,"Treviso, Girolamo da (Girolamo Trevigi)","(206, 208)",He,246
170,"Treviso, Girolamo da (Girolamo Trevigi)","(224, 227)",his,246
170,"Treviso, Girolamo da (Girolamo Trevigi)","(256, 258)",he,246
170,"Treviso, Girolamo da (Girolamo Trevigi)","(366, 368)",he,246
170,"Treviso, Girolamo da (Girolamo Trevigi)","(482, 484)",he,246
170,"Treviso, Girolamo da (Girolamo Trevigi)","(799, 801)",He,246
170,"Treviso, Girolamo da (Girolamo Trevigi)","(1203, 1205)",he,246
170,"Treviso, Girolamo da (Girolamo Trevigi)","(1311, 1319)",Girolamo,246
170,"Treviso, Girolamo da (Girolamo Trevigi)","(1358, 1373)",The same master,246
170,"Treviso, Girolamo da (Girolamo Trevigi)","(1562, 1564)",he,246
170,"Treviso, Girolamo da (Girolamo Trevigi)","(1654, 1656)",he,246
170,"Treviso, Girolamo da (Girolamo Trevigi)","(1859, 1861)",He,246
170,"Treviso, Girolamo da (Girolamo Trevigi)","(2110, 2113)",his,246
170,"Treviso, Girolamo da (Girolamo Trevigi)","(2189, 2191)",he,246
170,"Treviso, Girolamo da (Girolamo Trevigi)","(2311, 2313)",he,246
170,"Treviso, Girolamo da (Girolamo Trevigi)","(2398, 2401)",his,246
170,"Treviso, Girolamo da (Girolamo Trevigi)","(2549, 2551)",he,246
170,"Treviso, Girolamo da (Girolamo Trevigi)","(2716, 2718)",he,246
170,"Treviso, Girolamo da (Girolamo Trevigi)","(2852, 2860)",Girolamo,246
170,"Treviso, Girolamo da (Girolamo Trevigi)","(2928, 2930)",he,246
170,"Treviso, Girolamo da (Girolamo Trevigi)","(3127, 3129)",he,246
171,"Treviso, Girolamo da (Girolamo Trevigi)","(0, 2)",He,248
171,"Treviso, Girolamo da (Girolamo Trevigi)","(107, 109)",he,248
171,"Treviso, Girolamo da (Girolamo Trevigi)","(162, 164)",he,248
171,"Treviso, Girolamo da (Girolamo Trevigi)","(170, 173)",his,248
171,"Treviso, Girolamo da (Girolamo Trevigi)","(202, 204)",he,248
171,"Treviso, Girolamo da (Girolamo Trevigi)","(595, 603)",Girolamo,248
171,"Treviso, Girolamo da (Girolamo Trevigi)","(648, 650)",he,248
171,"Treviso, Girolamo da (Girolamo Trevigi)","(689, 691)",he,248
171,"Treviso, Girolamo da (Girolamo Trevigi)","(750, 753)",him,248
171,"Treviso, Girolamo da (Girolamo Trevigi)","(788, 790)",he,248
171,"Treviso, Girolamo da (Girolamo Trevigi)","(823, 825)",he,248
171,"Treviso, Girolamo da (Girolamo Trevigi)","(897, 900)",his,248
171,"Treviso, Girolamo da (Girolamo Trevigi)","(931, 934)",him,248
171,"Treviso, Girolamo da (Girolamo Trevigi)","(953, 956)",his,248
171,"Treviso, Girolamo da (Girolamo Trevigi)","(973, 975)",he,248
171,"Treviso, Girolamo da (Girolamo Trevigi)","(1022, 1025)",him,248
171,"Treviso, Girolamo da (Girolamo Trevigi)","(1057, 1064)",himself,248
171,"Treviso, Girolamo da (Girolamo Trevigi)","(1077, 1079)",he,248
171,"Treviso, Girolamo da (Girolamo Trevigi)","(1170, 1173)",his,248
171,"Treviso, Girolamo da (Girolamo Trevigi)","(1302, 1305)",him,248
171,"Treviso, Girolamo da (Girolamo Trevigi)","(1349, 1352)",him,248
171,"Treviso, Girolamo da (Girolamo Trevigi)","(1400, 1402)",he,248
171,"Treviso, Girolamo da (Girolamo Trevigi)","(1456, 1463)",himself,248
171,"Treviso, Girolamo da (Girolamo Trevigi)","(1502, 1510)",Girolamo,248
171,"Treviso, Girolamo da (Girolamo Trevigi)","(1502, 1580)","Girolamo, raised from one extreme of distress to the other extreme of grandeur",248
171,"Treviso, Girolamo da (Girolamo Trevigi)","(1664, 1667)",his,248
171,"Treviso, Girolamo da (Girolamo Trevigi)","(1719, 1722)",his,248
171,"Treviso, Girolamo da (Girolamo Trevigi)","(1859, 1867)",Girolamo,248
171,"Treviso, Girolamo da (Girolamo Trevigi)","(2140, 2143)",him,248
171,"Treviso, Girolamo da (Girolamo Trevigi)","(2155, 2158)",his,248
171,"Treviso, Girolamo da (Girolamo Trevigi)","(2183, 2191)",Girolamo,248
171,"Treviso, Girolamo da (Girolamo Trevigi)","(2224, 2227)",his,248
171,"Treviso, Girolamo da (Girolamo Trevigi)","(2234, 2237)",his,248
171,"Treviso, Girolamo da (Girolamo Trevigi)","(2263, 2266)",his,248
176,"Caravaggio, Polidoro da (Polidoro Caldara)","(313, 324)",This master,249
176,"Caravaggio, Polidoro da (Polidoro Caldara)","(574, 576)",he,249
176,"Caravaggio, Polidoro da (Polidoro Caldara)","(715, 779)","Polidoro, whose will and inclination were much drawn to painting",249
176,"Caravaggio, Polidoro da (Polidoro Caldara)","(810, 812)",he,249
176,"Caravaggio, Polidoro da (Polidoro Caldara)","(937, 944)",himself,249
176,"Caravaggio, Polidoro da (Polidoro Caldara)","(978, 980)",he,249
176,"Caravaggio, Polidoro da (Polidoro Caldara)","(990, 993)",his,249
176,"Caravaggio, Polidoro da (Polidoro Caldara)","(1153, 1161)",Polidoro,249
176,"Caravaggio, Polidoro da (Polidoro Caldara)","(1238, 1241)",his,249
176,"Caravaggio, Polidoro da (Polidoro Caldara)","(1250, 1252)",he,249
176,"Caravaggio, Polidoro da (Polidoro Caldara)","(1311, 1314)",him,249
176,"Caravaggio, Polidoro da (Polidoro Caldara)","(1318, 1321)",his,249
176,"Caravaggio, Polidoro da (Polidoro Caldara)","(1393, 1395)",he,249
176,"Caravaggio, Polidoro da (Polidoro Caldara)","(1406, 1409)",his,249
176,"Caravaggio, Polidoro da (Polidoro Caldara)","(1565, 1567)",he,249
176,"Caravaggio, Polidoro da (Polidoro Caldara)","(1774, 1782)",Polidoro,249
176,"Caravaggio, Polidoro da (Polidoro Caldara)","(1791, 1799)",Polidoro,249
176,Maturino,"(1148, 1151)",him,249
176,Maturino,"(1761, 1769)",Maturino,249
176,Maturino,"(1804, 1812)",Maturino,249
176,Maturino,"(3813, 3821)",Polidoro,249
179,"Caravaggio, Polidoro da (Polidoro Caldara)","(2702, 2710)",Polidoro,254
179,"Caravaggio, Polidoro da (Polidoro Caldara)","(2816, 2819)",him,254
182,Maturino,"(296, 304)",Maturino,258
182,Maturino,"(413, 421)",Maturino,258
182,Maturino,"(469, 471)",he,258
182,Maturino,"(553, 555)",he,258
182,"Caravaggio, Polidoro da (Polidoro Caldara)","(283, 291)",Polidoro,258
182,"Caravaggio, Polidoro da (Polidoro Caldara)","(614, 622)",Polidoro,258
182,"Caravaggio, Polidoro da (Polidoro Caldara)","(630, 633)",his,258
182,"Caravaggio, Polidoro da (Polidoro Caldara)","(658, 661)",his,258
182,"Caravaggio, Polidoro da (Polidoro Caldara)","(751, 753)",he,258
182,"Caravaggio, Polidoro da (Polidoro Caldara)","(840, 842)",he,258
182,"Caravaggio, Polidoro da (Polidoro Caldara)","(929, 931)",he,258
182,"Caravaggio, Polidoro da (Polidoro Caldara)","(985, 988)",his,258
182,"Caravaggio, Polidoro da (Polidoro Caldara)","(1042, 1045)",his,258
182,"Caravaggio, Polidoro da (Polidoro Caldara)","(1076, 1078)",he,258
182,"Caravaggio, Polidoro da (Polidoro Caldara)","(1222, 1224)",he,258
182,"Caravaggio, Polidoro da (Polidoro Caldara)","(1358, 1360)",He,258
183,"Caravaggio, Polidoro da (Polidoro Caldara)","(21, 29)",Polidoro,259
183,"Caravaggio, Polidoro da (Polidoro Caldara)","(59, 62)",his,259
183,"Caravaggio, Polidoro da (Polidoro Caldara)","(113, 116)",his,259
183,"Caravaggio, Polidoro da (Polidoro Caldara)","(289, 291)",he,259
183,"Caravaggio, Polidoro da (Polidoro Caldara)","(297, 300)",his,259
183,"Caravaggio, Polidoro da (Polidoro Caldara)","(369, 371)",he,259
183,"Caravaggio, Polidoro da (Polidoro Caldara)","(376, 383)",himself,259
183,"Caravaggio, Polidoro da (Polidoro Caldara)","(424, 426)",he,259
183,"Caravaggio, Polidoro da (Polidoro Caldara)","(491, 493)",he,259
183,"Caravaggio, Polidoro da (Polidoro Caldara)","(566, 569)",his,259
183,"Caravaggio, Polidoro da (Polidoro Caldara)","(597, 599)",he,259
183,"Caravaggio, Polidoro da (Polidoro Caldara)","(614, 617)",his,259
183,"Caravaggio, Polidoro da (Polidoro Caldara)","(647, 649)",he,259
183,"Caravaggio, Polidoro da (Polidoro Caldara)","(744, 752)",Polidoro,259
183,"Caravaggio, Polidoro da (Polidoro Caldara)","(816, 818)",he,259
183,"Caravaggio, Polidoro da (Polidoro Caldara)","(1055, 1058)",his,259
183,"Caravaggio, Polidoro da (Polidoro Caldara)","(1195, 1197)",he,259
183,"Caravaggio, Polidoro da (Polidoro Caldara)","(1332, 1334)",he,259
183,"Caravaggio, Polidoro da (Polidoro Caldara)","(1354, 1357)",his,259
183,"Caravaggio, Polidoro da (Polidoro Caldara)","(1447, 1450)",his,259
183,"Caravaggio, Polidoro da (Polidoro Caldara)","(1565, 1567)",he,259
183,"Caravaggio, Polidoro da (Polidoro Caldara)","(1595, 1602)",himself,259
183,"Caravaggio, Polidoro da (Polidoro Caldara)","(1634, 1636)",he,259
183,"Caravaggio, Polidoro da (Polidoro Caldara)","(1676, 1678)",he,259
183,"Caravaggio, Polidoro da (Polidoro Caldara)","(1725, 1728)",him,259
183,"Caravaggio, Polidoro da (Polidoro Caldara)","(1758, 1761)",him,259
183,"Caravaggio, Polidoro da (Polidoro Caldara)","(1824, 1827)",his,259
183,"Caravaggio, Polidoro da (Polidoro Caldara)","(1855, 1858)",his,259
183,"Caravaggio, Polidoro da (Polidoro Caldara)","(1875, 1878)",him,259
183,"Caravaggio, Polidoro da (Polidoro Caldara)","(1885, 1887)",he,259
183,"Caravaggio, Polidoro da (Polidoro Caldara)","(1898, 1901)",his,259
183,"Caravaggio, Polidoro da (Polidoro Caldara)","(1932, 1934)",he,259
184,"Caravaggio, Polidoro da (Polidoro Caldara)","(0, 8)",Polidoro,260
184,"Caravaggio, Polidoro da (Polidoro Caldara)","(25, 28)",his,260
184,"Caravaggio, Polidoro da (Polidoro Caldara)","(102, 114)",his master's,260
184,"Caravaggio, Polidoro da (Polidoro Caldara)","(129, 139)",his master,260
184,"Caravaggio, Polidoro da (Polidoro Caldara)","(335, 345)",his master,260
184,"Caravaggio, Polidoro da (Polidoro Caldara)","(420, 422)",he,260
184,"Caravaggio, Polidoro da (Polidoro Caldara)","(522, 530)",Polidoro,260
184,"Caravaggio, Polidoro da (Polidoro Caldara)","(534, 537)",his,260
184,"Caravaggio, Polidoro da (Polidoro Caldara)","(557, 559)",he,260
184,"Caravaggio, Polidoro da (Polidoro Caldara)","(597, 600)",him,260
184,"Caravaggio, Polidoro da (Polidoro Caldara)","(628, 631)",him,260
184,"Caravaggio, Polidoro da (Polidoro Caldara)","(666, 669)",his,260
184,"Caravaggio, Polidoro da (Polidoro Caldara)","(751, 754)",him,260
184,"Caravaggio, Polidoro da (Polidoro Caldara)","(785, 787)",he,260
184,"Caravaggio, Polidoro da (Polidoro Caldara)","(876, 879)",him,260
184,"Caravaggio, Polidoro da (Polidoro Caldara)","(1081, 1096)",his dead master,260
184,"Caravaggio, Polidoro da (Polidoro Caldara)","(1829, 1837)",Polidoro,260
184,"Caravaggio, Polidoro da (Polidoro Caldara)","(2015, 2017)",he,260
184,"Caravaggio, Polidoro da (Polidoro Caldara)","(2142, 2145)",him,260
184,"Caravaggio, Polidoro da (Polidoro Caldara)","(2270, 2273)",his,260
184,"Caravaggio, Polidoro da (Polidoro Caldara)","(2305, 2308)",him,260
184,"Caravaggio, Polidoro da (Polidoro Caldara)","(2383, 2386)",him,260
184,"Caravaggio, Polidoro da (Polidoro Caldara)","(2390, 2393)",his,260
184,"Caravaggio, Polidoro da (Polidoro Caldara)","(2400, 2403)",His,260
184,"Caravaggio, Polidoro da (Polidoro Caldara)","(2454, 2456)",he,260
185,"Caravaggio, Polidoro da (Polidoro Caldara)","(54, 62)",Polidoro,262
185,"Caravaggio, Polidoro da (Polidoro Caldara)","(72, 74)",he,262
185,"Caravaggio, Polidoro da (Polidoro Caldara)","(218, 221)",his,262
185,"Caravaggio, Polidoro da (Polidoro Caldara)","(347, 350)",his,262
185,"Caravaggio, Polidoro da (Polidoro Caldara)","(403, 406)",him,262
185,"Caravaggio, Polidoro da (Polidoro Caldara)","(475, 486)",this master,262
185,"Caravaggio, Polidoro da (Polidoro Caldara)","(1233, 1241)",Polidoro,262
185,"Caravaggio, Polidoro da (Polidoro Caldara)","(1252, 1254)",he,262
185,"Caravaggio, Polidoro da (Polidoro Caldara)","(1321, 1324)",him,262
185,"Caravaggio, Polidoro da (Polidoro Caldara)","(1340, 1343)",him,262
190,"Rosso, Il (Giovan Battista de' Rossi)","(256, 287)","Il Rosso, a painter of Florence",263
190,"Rosso, Il (Giovan Battista de' Rossi)","(423, 425)",he,263
190,"Rosso, Il (Giovan Battista de' Rossi)","(450, 453)",him,263
190,"Rosso, Il (Giovan Battista de' Rossi)","(492, 495)",his,263
190,"Rosso, Il (Giovan Battista de' Rossi)","(651, 653)",he,263
190,"Rosso, Il (Giovan Battista de' Rossi)","(729, 731)",he,263
190,"Rosso, Il (Giovan Battista de' Rossi)","(799, 802)",his,263
190,"Rosso, Il (Giovan Battista de' Rossi)","(872, 875)",his,263
190,"Rosso, Il (Giovan Battista de' Rossi)","(932, 935)",him,263
190,"Rosso, Il (Giovan Battista de' Rossi)","(957, 960)",him,263
190,"Rosso, Il (Giovan Battista de' Rossi)","(1001, 1006)",Rosso,263
190,"Rosso, Il (Giovan Battista de' Rossi)","(1023, 1026)",his,263
190,"Rosso, Il (Giovan Battista de' Rossi)","(1081, 1084)",his,263
190,"Rosso, Il (Giovan Battista de' Rossi)","(1126, 1128)",he,263
190,"Rosso, Il (Giovan Battista de' Rossi)","(1236, 1239)",his,263
190,"Rosso, Il (Giovan Battista de' Rossi)","(1280, 1282)",he,263
190,"Rosso, Il (Giovan Battista de' Rossi)","(1340, 1343)",his,263
190,"Rosso, Il (Giovan Battista de' Rossi)","(1542, 1544)",he,263
190,"Rosso, Il (Giovan Battista de' Rossi)","(1585, 1587)",he,263
190,"Rosso, Il (Giovan Battista de' Rossi)","(1655, 1658)",his,263
190,"Rosso, Il (Giovan Battista de' Rossi)","(1754, 1759)",Rosso,263
190,"Rosso, Il (Giovan Battista de' Rossi)","(1805, 1818)",that master's,263
190,"Rosso, Il (Giovan Battista de' Rossi)","(1909, 1911)",he,263
190,"Rosso, Il (Giovan Battista de' Rossi)","(2081, 2084)",his,263
190,"Rosso, Il (Giovan Battista de' Rossi)","(2092, 2097)",Rosso,263
190,"Rosso, Il (Giovan Battista de' Rossi)","(2207, 2210)",his,263
190,"Rosso, Il (Giovan Battista de' Rossi)","(2418, 2420)",he,263
190,"Rosso, Il (Giovan Battista de' Rossi)","(2449, 2452)",his,263
190,"Rosso, Il (Giovan Battista de' Rossi)","(2633, 2635)",he,263
190,"Rosso, Il (Giovan Battista de' Rossi)","(2796, 2799)",him,263
190,"Rosso, Il (Giovan Battista de' Rossi)","(2817, 2819)",he,263
190,"Rosso, Il (Giovan Battista de' Rossi)","(2840, 2842)",he,263
190,"Rosso, Il (Giovan Battista de' Rossi)","(3059, 3061)",he,263
190,"Rosso, Il (Giovan Battista de' Rossi)","(3219, 3221)",he,263
190,"Rosso, Il (Giovan Battista de' Rossi)","(3501, 3504)",him,263
190,"Rosso, Il (Giovan Battista de' Rossi)","(3543, 3545)",he,263
190,"Rosso, Il (Giovan Battista de' Rossi)","(3574, 3576)",he,263
190,"Rosso, Il (Giovan Battista de' Rossi)","(3643, 3645)",he,263
190,"Rosso, Il (Giovan Battista de' Rossi)","(3708, 3710)",He,263
191,"Rosso, Il (Giovan Battista de' Rossi)","(60, 63)",him,265
191,"Rosso, Il (Giovan Battista de' Rossi)","(200, 207)",Rosso's,265
191,"Rosso, Il (Giovan Battista de' Rossi)","(218, 221)",his,265
191,"Rosso, Il (Giovan Battista de' Rossi)","(324, 326)",he,265
191,"Rosso, Il (Giovan Battista de' Rossi)","(473, 484)",the painter,265
191,"Rosso, Il (Giovan Battista de' Rossi)","(596, 601)",Rosso,265
191,"Rosso, Il (Giovan Battista de' Rossi)","(732, 735)",his,265
191,"Rosso, Il (Giovan Battista de' Rossi)","(803, 805)",he,265
191,"Rosso, Il (Giovan Battista de' Rossi)","(875, 877)",he,265
191,"Rosso, Il (Giovan Battista de' Rossi)","(1021, 1023)",he,265
192,"Rosso, Il (Giovan Battista de' Rossi)","(43, 45)",he,267
192,"Rosso, Il (Giovan Battista de' Rossi)","(274, 279)",Rosso,267
192,"Rosso, Il (Giovan Battista de' Rossi)","(675, 678)",him,267
193,"Rosso, Il (Giovan Battista de' Rossi)","(6, 11)",Rosso,270
193,"Rosso, Il (Giovan Battista de' Rossi)","(38, 40)",he,270
193,"Rosso, Il (Giovan Battista de' Rossi)","(152, 154)",he,270
193,"Rosso, Il (Giovan Battista de' Rossi)","(266, 268)",he,270
193,"Rosso, Il (Giovan Battista de' Rossi)","(306, 309)",his,270
193,"Rosso, Il (Giovan Battista de' Rossi)","(365, 367)",he,270
193,"Rosso, Il (Giovan Battista de' Rossi)","(462, 465)",his,270
193,"Rosso, Il (Giovan Battista de' Rossi)","(559, 562)",his,270
193,"Rosso, Il (Giovan Battista de' Rossi)","(1110, 1117)",Rosso's,270
193,"Rosso, Il (Giovan Battista de' Rossi)","(2171, 2176)",Rosso,270
193,"Rosso, Il (Giovan Battista de' Rossi)","(2334, 2339)",Rosso,270
194,"Rosso, Il (Giovan Battista de' Rossi)","(0, 5)",Rosso,271
194,"Rosso, Il (Giovan Battista de' Rossi)","(23, 26)",his,271
194,"Rosso, Il (Giovan Battista de' Rossi)","(99, 102)",his,271
194,"Rosso, Il (Giovan Battista de' Rossi)","(248, 251)",him,271
194,"Rosso, Il (Giovan Battista de' Rossi)","(291, 296)",Rosso,271
194,"Rosso, Il (Giovan Battista de' Rossi)","(397, 399)",he,271
194,"Rosso, Il (Giovan Battista de' Rossi)","(440, 442)",he,271
194,"Rosso, Il (Giovan Battista de' Rossi)","(463, 466)",his,271
194,"Rosso, Il (Giovan Battista de' Rossi)","(565, 568)",his,271
194,"Rosso, Il (Giovan Battista de' Rossi)","(954, 959)",Rosso,271
194,"Rosso, Il (Giovan Battista de' Rossi)","(1054, 1056)",he,271
194,"Rosso, Il (Giovan Battista de' Rossi)","(1137, 1140)",him,271
194,"Rosso, Il (Giovan Battista de' Rossi)","(1145, 1148)",his,271
194,"Rosso, Il (Giovan Battista de' Rossi)","(1340, 1345)",Rosso,271
194,"Sanzio, Raffaello (Raffaello da Urbino)","(386, 395)",Raffaello,271
194,"Sanzio, Raffaello (Raffaello da Urbino)","(1429, 1448)",Raffaello da Urbino,271
195,"Rosso, Il (Giovan Battista de' Rossi)","(13, 15)",he,272
195,"Rosso, Il (Giovan Battista de' Rossi)","(55, 58)",his,272
195,"Rosso, Il (Giovan Battista de' Rossi)","(240, 242)",he,272
195,"Rosso, Il (Giovan Battista de' Rossi)","(463, 465)",He,272
195,"Rosso, Il (Giovan Battista de' Rossi)","(641, 651)",poor Rosso,272
195,"Rosso, Il (Giovan Battista de' Rossi)","(728, 731)",him,272
195,"Rosso, Il (Giovan Battista de' Rossi)","(735, 738)",his,272
195,"Rosso, Il (Giovan Battista de' Rossi)","(758, 761)",him,272
195,"Rosso, Il (Giovan Battista de' Rossi)","(779, 782)",his,272
195,"Rosso, Il (Giovan Battista de' Rossi)","(819, 822)",his,272
195,"Rosso, Il (Giovan Battista de' Rossi)","(917, 919)",he,272
195,"Rosso, Il (Giovan Battista de' Rossi)","(962, 964)",he,272
195,"Rosso, Il (Giovan Battista de' Rossi)","(1042, 1044)",he,272
195,"Rosso, Il (Giovan Battista de' Rossi)","(1168, 1170)",he,272
195,"Rosso, Il (Giovan Battista de' Rossi)","(1259, 1262)",his,272
195,"Rosso, Il (Giovan Battista de' Rossi)","(1338, 1340)",he,272
195,"Rosso, Il (Giovan Battista de' Rossi)","(1346, 1349)",his,272
195,"Rosso, Il (Giovan Battista de' Rossi)","(1665, 1670)",Rosso,272
195,"Rosso, Il (Giovan Battista de' Rossi)","(1719, 1722)",his,272
195,"Rosso, Il (Giovan Battista de' Rossi)","(1807, 1810)",him,272
195,"Rosso, Il (Giovan Battista de' Rossi)","(1863, 1866)",him,272
196,"Rosso, Il (Giovan Battista de' Rossi)","(34, 36)",he,275
196,"Rosso, Il (Giovan Battista de' Rossi)","(91, 93)",he,275
196,"Rosso, Il (Giovan Battista de' Rossi)","(216, 219)",him,275
196,"Rosso, Il (Giovan Battista de' Rossi)","(256, 258)",he,275
196,"Rosso, Il (Giovan Battista de' Rossi)","(299, 301)",he,275
196,"Rosso, Il (Giovan Battista de' Rossi)","(306, 313)",himself,275
196,"Rosso, Il (Giovan Battista de' Rossi)","(408, 410)",he,275
196,"Rosso, Il (Giovan Battista de' Rossi)","(501, 503)",he,275
196,"Rosso, Il (Giovan Battista de' Rossi)","(683, 688)",Rosso,275
196,"Rosso, Il (Giovan Battista de' Rossi)","(841, 843)",he,275
196,"Rosso, Il (Giovan Battista de' Rossi)","(876, 883)",himself,275
196,"Rosso, Il (Giovan Battista de' Rossi)","(903, 905)",he,275
196,"Rosso, Il (Giovan Battista de' Rossi)","(969, 974)",Rosso,275
196,"Rosso, Il (Giovan Battista de' Rossi)","(981, 984)",his,275
196,"Rosso, Il (Giovan Battista de' Rossi)","(1030, 1033)",him,275
196,"Rosso, Il (Giovan Battista de' Rossi)","(1071, 1073)",he,275
196,"Rosso, Il (Giovan Battista de' Rossi)","(1104, 1106)",he,275
196,"Rosso, Il (Giovan Battista de' Rossi)","(1351, 1353)",he,275
196,"Rosso, Il (Giovan Battista de' Rossi)","(1791, 1796)",Rosso,275
196,"Rosso, Il (Giovan Battista de' Rossi)","(1842, 1847)",Rosso,275
196,"Rosso, Il (Giovan Battista de' Rossi)","(1931, 1933)",He,275
196,"Rosso, Il (Giovan Battista de' Rossi)","(2066, 2068)",he,275
196,"Rosso, Il (Giovan Battista de' Rossi)","(2198, 2200)",he,275
197,"Rosso, Il (Giovan Battista de' Rossi)","(45, 47)",he,276
197,"Rosso, Il (Giovan Battista de' Rossi)","(288, 290)",he,276
197,"Rosso, Il (Giovan Battista de' Rossi)","(344, 347)",his,276
197,"Rosso, Il (Giovan Battista de' Rossi)","(583, 598)",the same master,276
197,"Rosso, Il (Giovan Battista de' Rossi)","(630, 632)",he,276
197,"Rosso, Il (Giovan Battista de' Rossi)","(700, 703)",his,276
197,"Rosso, Il (Giovan Battista de' Rossi)","(763, 766)",his,276
197,"Rosso, Il (Giovan Battista de' Rossi)","(798, 801)",him,276
197,"Rosso, Il (Giovan Battista de' Rossi)","(1113, 1118)",Rosso,276
197,"Rosso, Il (Giovan Battista de' Rossi)","(1135, 1142)",himself,276
197,"Rosso, Il (Giovan Battista de' Rossi)","(1227, 1230)",his,276
197,"Rosso, Il (Giovan Battista de' Rossi)","(1287, 1290)",him,276
197,"Rosso, Il (Giovan Battista de' Rossi)","(1340, 1343)",him,276
197,"Rosso, Il (Giovan Battista de' Rossi)","(1362, 1364)",he,276
197,"Rosso, Il (Giovan Battista de' Rossi)","(1397, 1399)",he,276
197,"Rosso, Il (Giovan Battista de' Rossi)","(1457, 1459)",He,276
197,"Rosso, Il (Giovan Battista de' Rossi)","(1528, 1530)",he,276
197,"Rosso, Il (Giovan Battista de' Rossi)","(1584, 1586)",he,276
197,"Rosso, Il (Giovan Battista de' Rossi)","(1666, 1668)",he,276
197,"Rosso, Il (Giovan Battista de' Rossi)","(1913, 1916)",him,276
197,"Rosso, Il (Giovan Battista de' Rossi)","(1940, 1942)",he,276
197,"Rosso, Il (Giovan Battista de' Rossi)","(1969, 1971)",he,276
197,"Rosso, Il (Giovan Battista de' Rossi)","(2020, 2022)",he,276
197,"Rosso, Il (Giovan Battista de' Rossi)","(2079, 2084)",Rosso,276
197,"Rosso, Il (Giovan Battista de' Rossi)","(2177, 2180)",his,276
199,"Rosso, Il (Giovan Battista de' Rossi)","(27, 32)",Rosso,280
199,"Rosso, Il (Giovan Battista de' Rossi)","(93, 95)",he,280
199,"Rosso, Il (Giovan Battista de' Rossi)","(239, 241)",he,280
199,"Rosso, Il (Giovan Battista de' Rossi)","(464, 466)",he,280
199,"Rosso, Il (Giovan Battista de' Rossi)","(630, 632)",he,280
199,"Rosso, Il (Giovan Battista de' Rossi)","(660, 663)",his,280
199,"Rosso, Il (Giovan Battista de' Rossi)","(829, 831)",he,280
199,"Rosso, Il (Giovan Battista de' Rossi)","(970, 973)",his,280
199,"Rosso, Il (Giovan Battista de' Rossi)","(2023, 2028)",Rosso,280
199,"Rosso, Il (Giovan Battista de' Rossi)","(2077, 2079)",he,280
199,"Rosso, Il (Giovan Battista de' Rossi)","(2309, 2314)",Rosso,280
199,"Rosso, Il (Giovan Battista de' Rossi)","(2361, 2364)",him,280
199,"Rosso, Il (Giovan Battista de' Rossi)","(2473, 2478)",Rosso,280
199,"Rosso, Il (Giovan Battista de' Rossi)","(2607, 2610)",his,280
200,"Rosso, Il (Giovan Battista de' Rossi)","(12, 14)",he,282
200,"Rosso, Il (Giovan Battista de' Rossi)","(209, 211)",he,282
200,"Rosso, Il (Giovan Battista de' Rossi)","(727, 729)",He,282
200,"Rosso, Il (Giovan Battista de' Rossi)","(1009, 1014)",Rosso,282
200,"Rosso, Il (Giovan Battista de' Rossi)","(1250, 1252)",he,282
200,"Rosso, Il (Giovan Battista de' Rossi)","(1693, 1698)",Rosso,282
200,"Rosso, Il (Giovan Battista de' Rossi)","(1882, 1887)",Rosso,282
200,"Rosso, Il (Giovan Battista de' Rossi)","(2106, 2111)",Rosso,282
200,"Rosso, Il (Giovan Battista de' Rossi)","(2174, 2177)",his,282
201,"Rosso, Il (Giovan Battista de' Rossi)","(28, 33)",Rosso,285
201,"Rosso, Il (Giovan Battista de' Rossi)","(100, 103)",him,285
201,"Rosso, Il (Giovan Battista de' Rossi)","(559, 561)",he,285
201,"Rosso, Il (Giovan Battista de' Rossi)","(789, 794)",Rosso,285
201,"Rosso, Il (Giovan Battista de' Rossi)","(941, 944)",his,285
201,"Rosso, Il (Giovan Battista de' Rossi)","(1228, 1233)",Rosso,285
201,"Rosso, Il (Giovan Battista de' Rossi)","(1242, 1249)",himself,285
201,"Rosso, Il (Giovan Battista de' Rossi)","(1415, 1420)",Rosso,285
201,"Rosso, Il (Giovan Battista de' Rossi)","(1435, 1438)",his,285
201,"Rosso, Il (Giovan Battista de' Rossi)","(1502, 1504)",he,285
201,"Rosso, Il (Giovan Battista de' Rossi)","(1618, 1620)",he,285
201,"Rosso, Il (Giovan Battista de' Rossi)","(1675, 1677)",He,285
201,"Rosso, Il (Giovan Battista de' Rossi)","(1792, 1795)",his,285
201,"Rosso, Il (Giovan Battista de' Rossi)","(1836, 1839)",his,285
201,"Rosso, Il (Giovan Battista de' Rossi)","(1865, 1867)",he,285
201,"Rosso, Il (Giovan Battista de' Rossi)","(2103, 2105)",he,285
201,"Rosso, Il (Giovan Battista de' Rossi)","(2298, 2303)",Rosso,285
202,"Rosso, Il (Giovan Battista de' Rossi)","(69, 71)",he,287
202,"Rosso, Il (Giovan Battista de' Rossi)","(121, 124)",his,287
202,"Rosso, Il (Giovan Battista de' Rossi)","(131, 133)",he,287
202,"Rosso, Il (Giovan Battista de' Rossi)","(140, 147)",himself,287
202,"Rosso, Il (Giovan Battista de' Rossi)","(240, 243)",his,287
202,"Rosso, Il (Giovan Battista de' Rossi)","(341, 343)",he,287
202,"Rosso, Il (Giovan Battista de' Rossi)","(398, 401)",his,287
202,"Rosso, Il (Giovan Battista de' Rossi)","(604, 607)",him,287
202,"Rosso, Il (Giovan Battista de' Rossi)","(751, 754)",his,287
202,"Rosso, Il (Giovan Battista de' Rossi)","(784, 787)",him,287
202,"Rosso, Il (Giovan Battista de' Rossi)","(813, 818)",Rosso,287
202,"Rosso, Il (Giovan Battista de' Rossi)","(868, 878)",the latter,287
202,"Rosso, Il (Giovan Battista de' Rossi)","(1200, 1205)",Rosso,287
202,"Rosso, Il (Giovan Battista de' Rossi)","(1235, 1237)",he,287
202,"Rosso, Il (Giovan Battista de' Rossi)","(1314, 1317)",him,287
202,"Rosso, Il (Giovan Battista de' Rossi)","(1330, 1333)",him,287
202,"Rosso, Il (Giovan Battista de' Rossi)","(1351, 1356)",Rosso,287
202,"Rosso, Il (Giovan Battista de' Rossi)","(1382, 1389)",himself,287
202,"Rosso, Il (Giovan Battista de' Rossi)","(1416, 1423)",himself,287
202,"Rosso, Il (Giovan Battista de' Rossi)","(1465, 1467)",he,287
202,"Rosso, Il (Giovan Battista de' Rossi)","(1489, 1492)",his,287
202,"Rosso, Il (Giovan Battista de' Rossi)","(1530, 1533)",his,287
202,"Rosso, Il (Giovan Battista de' Rossi)","(1557, 1560)",his,287
202,"Rosso, Il (Giovan Battista de' Rossi)","(1631, 1634)",him,287
202,"Rosso, Il (Giovan Battista de' Rossi)","(1692, 1699)",himself,287
202,"Rosso, Il (Giovan Battista de' Rossi)","(1703, 1706)",his,287
202,"Rosso, Il (Giovan Battista de' Rossi)","(1751, 1753)",he,287
202,"Rosso, Il (Giovan Battista de' Rossi)","(2346, 2351)",Rosso,287
202,"Rosso, Il (Giovan Battista de' Rossi)","(2362, 2364)",he,287
202,"Rosso, Il (Giovan Battista de' Rossi)","(2389, 2391)",he,287
202,"Rosso, Il (Giovan Battista de' Rossi)","(2438, 2441)",his,287
203,"Rosso, Il (Giovan Battista de' Rossi)","(110, 115)",Rosso,288
203,"Rosso, Il (Giovan Battista de' Rossi)","(128, 167)",the most excellent craftsman of his day,288
203,"Rosso, Il (Giovan Battista de' Rossi)","(407, 412)",Rosso,288
203,"Rosso, Il (Giovan Battista de' Rossi)","(413, 418)",Rosso,288
203,"Rosso, Il (Giovan Battista de' Rossi)","(471, 474)",him,288
203,"Rosso, Il (Giovan Battista de' Rossi)","(481, 484)",his,288
203,"Rosso, Il (Giovan Battista de' Rossi)","(536, 539)",his,288
203,"Rosso, Il (Giovan Battista de' Rossi)","(688, 793)","that master, who for many reasons deserved, and still deserves, to be admired as one truly most excellent",288
208,"Bagnacavallo, Bartolommeo da (Bartolommeo Ramenghi)","(0, 27)",Bartolommeo da Bagnacavallo,291
208,"Bagnacavallo, Bartolommeo da (Bartolommeo Ramenghi)","(95, 98)",his,291
208,"Bagnacavallo, Bartolommeo da (Bartolommeo Ramenghi)","(130, 132)",he,291
208,"Bagnacavallo, Bartolommeo da (Bartolommeo Ramenghi)","(142, 149)",himself,291
208,"Bagnacavallo, Bartolommeo da (Bartolommeo Ramenghi)","(178, 181)",his,291
208,"Bagnacavallo, Bartolommeo da (Bartolommeo Ramenghi)","(276, 278)",he,291
208,"Bagnacavallo, Bartolommeo da (Bartolommeo Ramenghi)","(473, 475)",he,291
208,"Bagnacavallo, Bartolommeo da (Bartolommeo Ramenghi)","(510, 512)",he,291
208,"Bagnacavallo, Bartolommeo da (Bartolommeo Ramenghi)","(526, 533)",himself,291
208,"Bagnacavallo, Bartolommeo da (Bartolommeo Ramenghi)","(535, 537)",he,291
208,"Bagnacavallo, Bartolommeo da (Bartolommeo Ramenghi)","(565, 567)",he,291
208,"Bagnacavallo, Bartolommeo da (Bartolommeo Ramenghi)","(895, 906)",Bartolommeo,291
208,"Bagnacavallo, Bartolommeo da (Bartolommeo Ramenghi)","(1101, 1103)",he,291
208,"Bagnacavallo, Bartolommeo da (Bartolommeo Ramenghi)","(1304, 1315)",Bartolommeo,291
208,"Bagnacavallo, Bartolommeo da (Bartolommeo Ramenghi)","(1420, 1431)",Bartolommeo,291
208,"Bagnacavallo, Bartolommeo da (Bartolommeo Ramenghi)","(1443, 1450)",himself,291
208,"Sanzio, Raffaello (Raffaello da Urbino)","(60, 69)",Raffaello,291
208,"Sanzio, Raffaello (Raffaello da Urbino)","(1951, 1960)",Raffaello,291
208,"Sanzio, Raffaello (Raffaello da Urbino)","(1981, 1984)",him,291
209,"Bagnacavallo, Bartolommeo da (Bartolommeo Ramenghi)","(15, 26)",Bartolommeo,292
209,"Bagnacavallo, Bartolommeo da (Bartolommeo Ramenghi)","(395, 406)",Bartolommeo,292
209,"Bagnacavallo, Bartolommeo da (Bartolommeo Ramenghi)","(506, 521)",the same master,292
209,"Bagnacavallo, Bartolommeo da (Bartolommeo Ramenghi)","(680, 682)",he,292
209,"Bagnacavallo, Bartolommeo da (Bartolommeo Ramenghi)","(778, 780)",he,292
209,"Bagnacavallo, Bartolommeo da (Bartolommeo Ramenghi)","(925, 927)",he,292
209,"Bagnacavallo, Bartolommeo da (Bartolommeo Ramenghi)","(1092, 1103)",This master,292
209,"Bagnacavallo, Bartolommeo da (Bartolommeo Ramenghi)","(1163, 1166)",his,292
209,"Bagnacavallo, Bartolommeo da (Bartolommeo Ramenghi)","(1179, 1182)",his,292
209,"Bagnacavallo, Bartolommeo da (Bartolommeo Ramenghi)","(1194, 1196)",he,292
209,"Bagnacavallo, Bartolommeo da (Bartolommeo Ramenghi)","(1439, 1441)",he,292
209,"Bagnacavallo, Bartolommeo da (Bartolommeo Ramenghi)","(1451, 1454)",his,292
210,"Aspertini, Amico","(118, 121)",him,294
210,"Aspertini, Amico","(179, 181)",he,294
210,"Aspertini, Amico","(196, 199)",his,294
210,"Aspertini, Amico","(295, 300)",Amico,294
210,"Aspertini, Amico","(380, 382)",he,294
210,"Aspertini, Amico","(672, 683)",this master,294
210,"Aspertini, Amico","(899, 901)",he,294
210,"Aspertini, Amico","(916, 918)",He,294
210,"Aspertini, Amico","(1229, 1240)",this master,294
210,"Aspertini, Amico","(1256, 1258)",he,294
210,"Aspertini, Amico","(1309, 1311)",he,294
210,"Aspertini, Amico","(1606, 1619)",Maestro Amico,294
210,"Aspertini, Amico","(1683, 1685)",he,294
210,"Aspertini, Amico","(1881, 1886)",Amico,294
210,"Aspertini, Amico","(2029, 2034)",Amico,294
210,"Aspertini, Amico","(2159, 2161)",he,294
210,"Aspertini, Amico","(2167, 2169)",he,294
210,"Aspertini, Amico","(2285, 2287)",he,294
210,"Aspertini, Amico","(2340, 2342)",he,294
210,"Aspertini, Amico","(2381, 2384)",him,294
210,"Aspertini, Amico","(2386, 2388)",he,294
210,"Aspertini, Amico","(2394, 2397)",his,294
210,"Aspertini, Amico","(2527, 2529)",he,294
210,"Aspertini, Amico","(2630, 2633)",his,294
210,"Aspertini, Amico","(2662, 2665)",his,294
210,"Aspertini, Amico","(2672, 2674)",he,294
210,"Aspertini, Amico","(2984, 2987)",his,294
210,"Aspertini, Amico","(3048, 3050)",he,294
210,"Aspertini, Amico","(3086, 3088)",he,294
210,"Aspertini, Amico","(3118, 3120)",he,294
210,"Aspertini, Amico","(3130, 3133)",his,294
210,"Aspertini, Amico","(3191, 3193)",he,294
210,"Aspertini, Amico","(3210, 3212)",he,294
210,"Aspertini, Amico","(3224, 3226)",he,294
211,"Aspertini, Amico","(0, 5)",Amico,298
211,"Aspertini, Amico","(16, 19)",his,298
211,"Aspertini, Amico","(73, 76)",his,298
211,"Aspertini, Amico","(159, 161)",he,298
211,"Aspertini, Amico","(192, 195)",his,298
211,"Aspertini, Amico","(272, 274)",He,298
211,"Aspertini, Amico","(443, 445)",he,298
211,"Aspertini, Amico","(450, 453)",his,298
211,"Aspertini, Amico","(533, 535)",he,298
211,"Aspertini, Amico","(611, 613)",he,298
211,"Aspertini, Amico","(626, 629)",his,298
211,"Aspertini, Amico","(644, 647)",his,298
211,"Aspertini, Amico","(654, 656)",he,298
211,"Aspertini, Amico","(718, 720)",he,298
211,"Aspertini, Amico","(748, 750)",he,298
211,"Aspertini, Amico","(824, 827)",his,298
211,"Aspertini, Amico","(877, 879)",he,298
211,"Aspertini, Amico","(967, 969)",he,298
211,"Aspertini, Amico","(1029, 1031)",he,298
211,"Aspertini, Amico","(1192, 1197)",Amico,298
211,"Aspertini, Amico","(1199, 1209)",the latter,298
211,"Aspertini, Amico","(1253, 1256)",his,298
211,"Aspertini, Amico","(1266, 1269)",his,298
211,"Aspertini, Amico","(1338, 1341)",him,298
211,"Aspertini, Amico","(1370, 1375)",Amico,298
212,"Cotignola, Girolamo da (Girolamo Marchesi)","(141, 162)",Girolamo da Cotignola,299
212,"Cotignola, Girolamo da (Girolamo Marchesi)","(164, 175)",This master,299
212,"Cotignola, Girolamo da (Girolamo Marchesi)","(312, 314)",He,299
212,"Cotignola, Girolamo da (Girolamo Marchesi)","(418, 420)",he,299
212,"Cotignola, Girolamo da (Girolamo Marchesi)","(481, 483)",he,299
212,"Cotignola, Girolamo da (Girolamo Marchesi)","(522, 525)",him,299
212,"Cotignola, Girolamo da (Girolamo Marchesi)","(658, 661)",his,299
212,"Cotignola, Girolamo da (Girolamo Marchesi)","(893, 910)",The same Girolamo,299
212,"Cotignola, Girolamo da (Girolamo Marchesi)","(1036, 1038)",he,299
212,"Cotignola, Girolamo da (Girolamo Marchesi)","(1125, 1127)",he,299
212,"Cotignola, Girolamo da (Girolamo Marchesi)","(1282, 1284)",He,299
212,"Cotignola, Girolamo da (Girolamo Marchesi)","(1344, 1346)",he,299
212,"Cotignola, Girolamo da (Girolamo Marchesi)","(1367, 1369)",he,299
212,"Cotignola, Girolamo da (Girolamo Marchesi)","(1498, 1501)",him,299
212,"Cotignola, Girolamo da (Girolamo Marchesi)","(1512, 1514)",he,299
212,"Cotignola, Girolamo da (Girolamo Marchesi)","(1596, 1598)",he,299
212,"Cotignola, Girolamo da (Girolamo Marchesi)","(1625, 1627)",he,299
212,"Cotignola, Girolamo da (Girolamo Marchesi)","(1658, 1661)",him,299
212,"Cotignola, Girolamo da (Girolamo Marchesi)","(1792, 1794)",he,299
212,"Cotignola, Girolamo da (Girolamo Marchesi)","(1833, 1835)",he,299
212,"Cotignola, Girolamo da (Girolamo Marchesi)","(1877, 1879)",he,299
212,"Cotignola, Girolamo da (Girolamo Marchesi)","(2199, 2201)",he,299
212,"Cotignola, Girolamo da (Girolamo Marchesi)","(2319, 2321)",he,299
212,"Cotignola, Girolamo da (Girolamo Marchesi)","(2362, 2365)",his,299
212,"Cotignola, Girolamo da (Girolamo Marchesi)","(2385, 2387)",he,299
212,"Cotignola, Girolamo da (Girolamo Marchesi)","(2422, 2425)",him,299
212,"Cotignola, Girolamo da (Girolamo Marchesi)","(2431, 2433)",he,299
212,"Cotignola, Girolamo da (Girolamo Marchesi)","(2513, 2515)",he,299
212,"Cotignola, Girolamo da (Girolamo Marchesi)","(2535, 2542)",himself,299
212,"Cotignola, Girolamo da (Girolamo Marchesi)","(2544, 2546)",he,299
212,"Cotignola, Girolamo da (Girolamo Marchesi)","(2573, 2576)",him,299
212,"Cotignola, Girolamo da (Girolamo Marchesi)","(2614, 2617)",him,299
212,"Cotignola, Girolamo da (Girolamo Marchesi)","(2714, 2716)",he,299
212,"Cotignola, Girolamo da (Girolamo Marchesi)","(2798, 2814)",the poor old man,299
212,"Cotignola, Girolamo da (Girolamo Marchesi)","(2835, 2837)",he,299
213,"Imola, Innocenzio da (Innocenzio Francucci)","(28, 47)",Innocenzio da Imola,302
213,"Imola, Innocenzio da (Innocenzio Francucci)","(49, 60)",This master,302
213,"Imola, Innocenzio da (Innocenzio Francucci)","(156, 158)",he,302
213,"Imola, Innocenzio da (Innocenzio Francucci)","(262, 264)",he,302
213,"Imola, Innocenzio da (Innocenzio Francucci)","(303, 306)",his,302
213,"Imola, Innocenzio da (Innocenzio Francucci)","(456, 458)",he,302
213,"Imola, Innocenzio da (Innocenzio Francucci)","(663, 665)",he,302
213,"Imola, Innocenzio da (Innocenzio Francucci)","(781, 783)",he,302
213,"Imola, Innocenzio da (Innocenzio Francucci)","(959, 961)",he,302
213,"Imola, Innocenzio da (Innocenzio Francucci)","(1111, 1113)",He,302
213,"Imola, Innocenzio da (Innocenzio Francucci)","(1247, 1249)",He,302
213,"Imola, Innocenzio da (Innocenzio Francucci)","(1453, 1463)",Innocenzio,302
213,"Imola, Innocenzio da (Innocenzio Francucci)","(1629, 1631)",he,302
213,"Imola, Innocenzio da (Innocenzio Francucci)","(1652, 1659)",himself,302
213,"Imola, Innocenzio da (Innocenzio Francucci)","(1681, 1684)",his,302
213,"Imola, Innocenzio da (Innocenzio Francucci)","(1711, 1713)",he,302
213,"Imola, Innocenzio da (Innocenzio Francucci)","(1776, 1779)",him,302
213,"Imola, Innocenzio da (Innocenzio Francucci)","(1817, 1820)",him,302
213,"Imola, Innocenzio da (Innocenzio Francucci)","(1836, 1838)",He,302
213,"Imola, Innocenzio da (Innocenzio Francucci)","(1895, 1897)",he,302
213,"Imola, Innocenzio da (Innocenzio Francucci)","(2005, 2015)",Innocenzio,302
213,"Imola, Innocenzio da (Innocenzio Francucci)","(2023, 2026)",his,302
218,Franciabigio (Francia),"(0, 7)",Francia,306
218,Franciabigio (Francia),"(47, 50)",his,306
218,Franciabigio (Francia),"(173, 175)",he,306
218,Franciabigio (Francia),"(240, 242)",he,306
218,Franciabigio (Francia),"(321, 324)",him,306
218,Franciabigio (Francia),"(400, 403)",his,306
218,Franciabigio (Francia),"(537, 544)",himself,306
218,Franciabigio (Francia),"(558, 560)",he,306
218,Franciabigio (Francia),"(576, 579)",his,306
218,Franciabigio (Francia),"(617, 619)",he,306
218,Franciabigio (Francia),"(799, 801)",He,306
218,Franciabigio (Francia),"(821, 824)",his,306
218,Franciabigio (Francia),"(877, 879)",he,306
218,Franciabigio (Francia),"(1135, 1137)",he,306
218,Franciabigio (Francia),"(1224, 1227)",his,306
218,Franciabigio (Francia),"(1240, 1242)",he,306
218,Franciabigio (Francia),"(1344, 1347)",him,306
218,Franciabigio (Francia),"(1415, 1422)",Francia,306
218,Franciabigio (Francia),"(1433, 1440)",himself,306
218,Franciabigio (Francia),"(1471, 1473)",he,306
218,Franciabigio (Francia),"(1539, 1546)",himself,306
218,Franciabigio (Francia),"(1777, 1784)",Francia,306
218,Franciabigio (Francia),"(1979, 1981)",he,306
218,Franciabigio (Francia),"(2086, 2088)",he,306
218,Franciabigio (Francia),"(2244, 2246)",he,306
218,Franciabigio (Francia),"(2380, 2382)",he,306
218,Franciabigio (Francia),"(2496, 2503)",Francia,306
218,Franciabigio (Francia),"(2542, 2544)",he,306
218,Franciabigio (Francia),"(2583, 2586)",his,306
218,Franciabigio (Francia),"(2606, 2608)",he,306
218,Franciabigio (Francia),"(2682, 2685)",his,306
219,Franciabigio (Francia),"(0, 2)",He,308
219,Franciabigio (Francia),"(143, 145)",he,308
219,Franciabigio (Francia),"(325, 332)",Francia,308
219,Franciabigio (Francia),"(461, 463)",he,308
219,Franciabigio (Francia),"(663, 665)",he,308
219,Franciabigio (Francia),"(751, 753)",he,308
219,Franciabigio (Francia),"(794, 796)",he,308
219,Franciabigio (Francia),"(1092, 1094)",he,308
219,Franciabigio (Francia),"(1224, 1226)",he,308
219,Franciabigio (Francia),"(1303, 1306)",his,308
219,Franciabigio (Francia),"(1365, 1367)",he,308
220,Franciabigio (Francia),"(118, 125)",Francia,309
220,Franciabigio (Francia),"(168, 175)",Francia,309
220,Franciabigio (Francia),"(189, 192)",his,309
220,Franciabigio (Francia),"(326, 333)",Francia,309
220,Franciabigio (Francia),"(376, 379)",his,309
220,Franciabigio (Francia),"(426, 433)",Francia,309
220,Franciabigio (Francia),"(501, 508)",Francia,309
220,Franciabigio (Francia),"(533, 536)",his,309
220,Franciabigio (Francia),"(570, 572)",he,309
220,Franciabigio (Francia),"(600, 602)",he,309
220,Franciabigio (Francia),"(741, 744)",him,309
220,Franciabigio (Francia),"(746, 748)",he,309
220,Franciabigio (Francia),"(760, 763)",his,309
220,Franciabigio (Francia),"(965, 967)",he,309
220,Franciabigio (Francia),"(1236, 1239)",his,309
220,Franciabigio (Francia),"(1258, 1261)",him,309
220,Franciabigio (Francia),"(1336, 1339)",him,309
220,Franciabigio (Francia),"(1356, 1358)",he,309
220,Franciabigio (Francia),"(1390, 1392)",he,309
220,Franciabigio (Francia),"(1500, 1503)",him,309
220,Franciabigio (Francia),"(1731, 1738)",Francia,309
220,Franciabigio (Francia),"(1799, 1802)",his,309
220,Franciabigio (Francia),"(1844, 1847)",his,309
220,Franciabigio (Francia),"(1941, 1943)",he,309
220,Franciabigio (Francia),"(1995, 1998)",his,309
220,Franciabigio (Francia),"(2070, 2072)",he,309
220,Franciabigio (Francia),"(2191, 2193)",he,309
220,Franciabigio (Francia),"(2523, 2530)",Francia,309
220,Franciabigio (Francia),"(2548, 2550)",he,309
220,Franciabigio (Francia),"(2654, 2661)",Francia,309
220,Franciabigio (Francia),"(2764, 2766)",he,309
220,Franciabigio (Francia),"(3049, 3051)",he,309
220,"Sarto, Andrea del (Andrea d' Agnolo)","(89, 95)",Andrea,309
220,"Sarto, Andrea del (Andrea d' Agnolo)","(447, 453)",Andrea,309
220,"Sarto, Andrea del (Andrea d' Agnolo)","(514, 522)",Andrea's,309
220,"Sarto, Andrea del (Andrea d' Agnolo)","(2587, 2593)",Andrea,309
220,"Sarto, Andrea del (Andrea d' Agnolo)","(2633, 2642)",the other,309
220,"Sarto, Andrea del (Andrea d' Agnolo)","(3092, 3147)","Andrea, who then went on to finish the rest of the work",309
221,Franciabigio (Francia),"(25, 27)",he,312
221,Franciabigio (Francia),"(241, 243)",he,312
221,Franciabigio (Francia),"(322, 324)",he,312
221,Franciabigio (Francia),"(517, 519)",he,312
221,Franciabigio (Francia),"(1279, 1286)",Francia,312
221,Franciabigio (Francia),"(1299, 1302)",his,312
221,Franciabigio (Francia),"(1702, 1709)",Francia,312
221,Franciabigio (Francia),"(1725, 1728)",his,312
221,Franciabigio (Francia),"(1796, 1798)",he,312
221,Franciabigio (Francia),"(1857, 1860)",his,312
221,Franciabigio (Francia),"(1888, 1890)",he,312
221,Franciabigio (Francia),"(1910, 1913)",his,312
221,Franciabigio (Francia),"(2018, 2020)",he,312
221,Franciabigio (Francia),"(2076, 2078)",he,312
221,Franciabigio (Francia),"(2171, 2173)",He,312
221,"Sarto, Andrea del (Andrea d' Agnolo)","(476, 492)",Andrea del Sarto,312
221,"Sarto, Andrea del (Andrea d' Agnolo)","(1050, 1066)",Andrea del Sarto,312
221,"Pontormo, Jacopo da (Jacopo Carrucci)","(497, 515)",Jacopo da Pontormo,312
221,"Pontormo, Jacopo da (Jacopo Carrucci)","(1068, 1086)",Jacopo da Pontormo,312
221,"Pontormo, Jacopo da (Jacopo Carrucci)","(1528, 1546)",Jacopo da Pontormo,312
221,"Pontormo, Jacopo da (Jacopo Carrucci)","(1600, 1602)",he,312
222,Franciabigio (Francia),"(0, 2)",He,314
222,Franciabigio (Francia),"(269, 272)",his,314
222,Franciabigio (Francia),"(278, 285)",Francia,314
222,Franciabigio (Francia),"(357, 359)",he,314
222,Franciabigio (Francia),"(608, 610)",he,314
222,Franciabigio (Francia),"(708, 796)","Francia, who, if he had much ability for large figures, had much more for little figures",314
222,Franciabigio (Francia),"(725, 727)",he,314
222,Franciabigio (Francia),"(797, 804)",Francia,314
222,Franciabigio (Francia),"(917, 920)",his,314
222,Franciabigio (Francia),"(1099, 1101)",he,314
222,Franciabigio (Francia),"(1163, 1165)",he,314
222,Franciabigio (Francia),"(1179, 1182)",his,314
222,Franciabigio (Francia),"(1188, 1190)",he,314
222,Franciabigio (Francia),"(1195, 1198)",his,314
222,Franciabigio (Francia),"(1240, 1243)",him,314
222,Franciabigio (Francia),"(1303, 1305)",he,314
222,Franciabigio (Francia),"(1504, 1511)",Francia,314
222,Franciabigio (Francia),"(1520, 1522)",he,314
223,Franciabigio (Francia),"(0, 11)",This master,316
223,Franciabigio (Francia),"(85, 87)",he,316
223,Franciabigio (Francia),"(173, 175)",He,316
223,Franciabigio (Francia),"(277, 279)",he,316
223,Franciabigio (Francia),"(350, 352)",he,316
223,Franciabigio (Francia),"(721, 723)",he,316
223,Franciabigio (Francia),"(750, 752)",he,316
223,Franciabigio (Francia),"(806, 815)",Francia's,316
223,Franciabigio (Francia),"(830, 833)",his,316
223,Franciabigio (Francia),"(1246, 1261)",the same master,316
223,Franciabigio (Francia),"(1988, 1995)",Francia,316
223,Franciabigio (Francia),"(2003, 2006)",his,316
223,Franciabigio (Francia),"(2222, 2224)",He,316
223,Franciabigio (Francia),"(2293, 2296)",his,316
223,Franciabigio (Francia),"(2330, 2333)",his,316
223,Franciabigio (Francia),"(2399, 2401)",he,316
223,Franciabigio (Francia),"(2461, 2464)",his,316
228,"Feltro, Morto da","(52, 55)",his,319
228,"Feltro, Morto da","(64, 66)",he,319
228,"Feltro, Morto da","(74, 77)",his,319
228,"Feltro, Morto da","(126, 128)",he,319
228,"Feltro, Morto da","(148, 151)",him,319
228,"Feltro, Morto da","(190, 193)",his,319
228,"Feltro, Morto da","(418, 420)",He,319
228,"Feltro, Morto da","(577, 579)",he,319
228,"Feltro, Morto da","(605, 607)",he,319
228,"Feltro, Morto da","(658, 660)",he,319
228,"Feltro, Morto da","(726, 728)",he,319
228,"Feltro, Morto da","(753, 756)",his,319
228,"Feltro, Morto da","(782, 784)",He,319
228,"Feltro, Morto da","(832, 834)",he,319
228,"Feltro, Morto da","(928, 930)",He,319
228,"Feltro, Morto da","(1279, 1281)",he,319
228,"Feltro, Morto da","(1343, 1345)",he,319
228,"Feltro, Morto da","(1360, 1362)",he,319
228,"Feltro, Morto da","(1470, 1472)",he,319
228,"Feltro, Morto da","(1580, 1582)",He,319
228,"Feltro, Morto da","(1738, 1741)",his,319
228,"Feltro, Morto da","(1765, 1767)",he,319
228,"Feltro, Morto da","(1806, 1809)",his,319
228,"Feltro, Morto da","(1844, 1846)",he,319
228,"Feltro, Morto da","(1880, 1883)",his,319
228,"Feltro, Morto da","(1912, 1914)",he,319
228,"Feltro, Morto da","(1947, 1950)",his,319
228,"Feltro, Morto da","(1962, 1964)",he,319
228,"Feltro, Morto da","(1989, 1991)",he,319
228,"Feltro, Morto da","(2049, 2051)",he,319
228,"Feltro, Morto da","(2202, 2204)",he,319
228,"Feltro, Morto da","(2256, 2258)",he,319
228,"Feltro, Morto da","(2281, 2283)",he,319
228,"Feltro, Morto da","(2298, 2305)",himself,319
228,"Feltro, Morto da","(2345, 2347)",he,319
228,"Feltro, Morto da","(2360, 2363)",his,319
228,"Feltro, Morto da","(2386, 2388)",he,319
228,"Feltro, Morto da","(2422, 2425)",his,319
228,"Feltro, Morto da","(2574, 2579)",Morto,319
228,"Feltro, Morto da","(2611, 2614)",him,319
228,"Feltro, Morto da","(2684, 2691)",Morto's,319
228,"Feltro, Morto da","(2807, 2812)",Morto,319
228,"Feltro, Morto da","(2899, 2904)",Morto,319
228,"Feltro, Morto da","(3204, 3209)",Morto,319
228,"Feltro, Morto da","(3331, 3333)",he,319
228,"Feltro, Morto da","(3405, 3407)",he,319
228,"Feltro, Morto da","(3435, 3437)",he,319
228,"Feltro, Morto da","(3503, 3505)",he,319
228,"Feltro, Morto da","(3541, 3543)",he,319
228,"Feltro, Morto da","(3553, 3556)",his,319
228,"Feltro, Morto da","(3618, 3620)",he,319
228,"Feltro, Morto da","(3628, 3635)",himself,319
228,"Feltro, Morto da","(3661, 3668)",himself,319
228,"Feltro, Morto da","(3747, 3749)",he,319
228,"Feltro, Morto da","(3754, 3761)",himself,319
228,"Feltro, Morto da","(3837, 3839)",he,319
228,"Feltro, Morto da","(3929, 3931)",he,319
228,"Cosimo, Andrea di (Andrea di Cosimo Feltrini)","(2585, 2588)",his,320
228,"Cosimo, Andrea di (Andrea di Cosimo Feltrini)","(2697, 2703)",Andrea,319
228,"Cosimo, Andrea di (Andrea di Cosimo Feltrini)","(2714, 2717)",his,319
228,"Cosimo, Andrea di (Andrea di Cosimo Feltrini)","(2887, 2893)",Andrea,319
229,"Feltro, Morto da","(0, 2)",He,323
229,"Feltro, Morto da","(45, 47)",he,323
229,"Feltro, Morto da","(137, 139)",he,323
229,"Feltro, Morto da","(174, 176)",he,323
229,"Feltro, Morto da","(217, 219)",he,323
229,"Feltro, Morto da","(378, 383)",Morto,323
229,"Feltro, Morto da","(440, 442)",he,323
229,"Feltro, Morto da","(570, 572)",he,323
229,"Feltro, Morto da","(640, 642)",he,323
229,"Feltro, Morto da","(1234, 1239)",Morto,323
229,"Feltro, Morto da","(1363, 1365)",he,323
229,"Feltro, Morto da","(1412, 1415)",his,323
229,"Feltro, Morto da","(1775, 1778)",his,323
229,"Udine, Giovanni da (Giovanni Nanni, or de' Ricamatori)","(1484, 1501)",Giovanni da Udine,323
229,"Udine, Giovanni da (Giovanni Nanni, or de' Ricamatori)","(1585, 1602)",the said Giovanni,323
230,"Cosimo, Andrea di (Andrea di Cosimo Feltrini)","(56, 89)","Andrea Feltrini, called Di Cosimo",325
230,"Cosimo, Andrea di (Andrea di Cosimo Feltrini)","(99, 101)",he,325
230,"Cosimo, Andrea di (Andrea di Cosimo Feltrini)","(167, 169)",he,325
230,"Cosimo, Andrea di (Andrea di Cosimo Feltrini)","(197, 199)",he,325
230,"Cosimo, Andrea di (Andrea di Cosimo Feltrini)","(298, 304)",Andrea,325
230,"Cosimo, Andrea di (Andrea di Cosimo Feltrini)","(365, 367)",he,325
230,"Cosimo, Andrea di (Andrea di Cosimo Feltrini)","(498, 500)",he,325
230,"Cosimo, Andrea di (Andrea di Cosimo Feltrini)","(641, 643)",he,325
230,"Cosimo, Andrea di (Andrea di Cosimo Feltrini)","(732, 735)",him,325
230,"Cosimo, Andrea di (Andrea di Cosimo Feltrini)","(1109, 1115)",Andrea,325
230,"Cosimo, Andrea di (Andrea di Cosimo Feltrini)","(1313, 1315)",he,325
230,"Cosimo, Andrea di (Andrea di Cosimo Feltrini)","(1407, 1409)",he,325
230,"Cosimo, Andrea di (Andrea di Cosimo Feltrini)","(1437, 1439)",he,325
230,"Cosimo, Andrea di (Andrea di Cosimo Feltrini)","(1537, 1540)",his,325
230,"Cosimo, Andrea di (Andrea di Cosimo Feltrini)","(1670, 1672)",he,325
230,"Cosimo, Andrea di (Andrea di Cosimo Feltrini)","(1765, 1767)",he,325
231,"Cosimo, Andrea di (Andrea di Cosimo Feltrini)|Sarto, Andrea del (Andrea d' Agnolo)","(23, 29)",Andrea,327
231,"Cosimo, Andrea di (Andrea di Cosimo Feltrini)|Sarto, Andrea del (Andrea d' Agnolo)","(328, 330)",He,327
231,"Cosimo, Andrea di (Andrea di Cosimo Feltrini)|Sarto, Andrea del (Andrea d' Agnolo)","(372, 378)",Andrea,327
231,"Cosimo, Andrea di (Andrea di Cosimo Feltrini)|Sarto, Andrea del (Andrea d' Agnolo)","(501, 503)",He,327
231,"Cosimo, Andrea di (Andrea di Cosimo Feltrini)|Sarto, Andrea del (Andrea d' Agnolo)","(590, 592)",he,327
231,"Cosimo, Andrea di (Andrea di Cosimo Feltrini)|Sarto, Andrea del (Andrea d' Agnolo)","(810, 812)",he,327
231,"Cosimo, Andrea di (Andrea di Cosimo Feltrini)|Sarto, Andrea del (Andrea d' Agnolo)","(948, 950)",he,327
231,"Cosimo, Andrea di (Andrea di Cosimo Feltrini)|Sarto, Andrea del (Andrea d' Agnolo)","(1079, 1082)",him,327
231,"Cosimo, Andrea di (Andrea di Cosimo Feltrini)|Sarto, Andrea del (Andrea d' Agnolo)","(1104, 1106)",He,327
231,"Cosimo, Andrea di (Andrea di Cosimo Feltrini)|Sarto, Andrea del (Andrea d' Agnolo)","(1416, 1418)",He,327
232,"Cosimo, Andrea di (Andrea di Cosimo Feltrini)","(0, 6)",Andrea,328
232,"Cosimo, Andrea di (Andrea di Cosimo Feltrini)","(286, 288)",he,328
232,"Cosimo, Andrea di (Andrea di Cosimo Feltrini)","(485, 488)",him,328
232,"Cosimo, Andrea di (Andrea di Cosimo Feltrini)","(490, 492)",He,328
232,"Cosimo, Andrea di (Andrea di Cosimo Feltrini)","(565, 567)",he,328
232,"Cosimo, Andrea di (Andrea di Cosimo Feltrini)","(602, 605)",his,328
232,"Cosimo, Andrea di (Andrea di Cosimo Feltrini)","(627, 629)",he,328
232,"Cosimo, Andrea di (Andrea di Cosimo Feltrini)","(667, 670)",his,328
232,"Cosimo, Andrea di (Andrea di Cosimo Feltrini)","(680, 682)",He,328
232,"Cosimo, Andrea di (Andrea di Cosimo Feltrini)","(775, 777)",he,328
232,"Cosimo, Andrea di (Andrea di Cosimo Feltrini)","(789, 796)",himself,328
232,"Cosimo, Andrea di (Andrea di Cosimo Feltrini)","(1316, 1322)",Andrea,328
232,"Cosimo, Andrea di (Andrea di Cosimo Feltrini)","(1324, 1326)",he,328
232,"Cosimo, Andrea di (Andrea di Cosimo Feltrini)","(1522, 1524)",He,328
232,"Cosimo, Andrea di (Andrea di Cosimo Feltrini)","(1705, 1707)",he,328
232,"Cosimo, Andrea di (Andrea di Cosimo Feltrini)","(1777, 1779)",he,328
232,"Cosimo, Andrea di (Andrea di Cosimo Feltrini)","(1903, 1905)",he,328
232,"Cosimo, Andrea di (Andrea di Cosimo Feltrini)","(2048, 2054)",Andrea,328
232,"Cosimo, Andrea di (Andrea di Cosimo Feltrini)","(2070, 2073)",his,328
232,"Cosimo, Andrea di (Andrea di Cosimo Feltrini)","(2226, 2228)",he,328
232,"Cosimo, Andrea di (Andrea di Cosimo Feltrini)","(2295, 2298)",his,328
232,"Cosimo, Andrea di (Andrea di Cosimo Feltrini)","(2306, 2309)",his,328
232,"Cosimo, Andrea di (Andrea di Cosimo Feltrini)","(2458, 2461)",his,328
232,"Cosimo, Andrea di (Andrea di Cosimo Feltrini)","(2546, 2548)",he,328
232,"Cosimo, Andrea di (Andrea di Cosimo Feltrini)","(2599, 2605)",Andrea,328
232,"Cosimo, Andrea di (Andrea di Cosimo Feltrini)","(2625, 2628)",his,328
232,"Cosimo, Andrea di (Andrea di Cosimo Feltrini)","(2640, 2642)",he,328
232,"Cosimo, Andrea di (Andrea di Cosimo Feltrini)","(2691, 2694)",him,328
232,"Cosimo, Andrea di (Andrea di Cosimo Feltrini)","(2716, 2719)",his,328
232,"Francesco, Mariotto di","(876, 879)",his,328
232,"Francesco, Mariotto di","(1022, 1035)",This Mariotto,328
232,"Francesco, Mariotto di","(1259, 1267)",Mariotto,328
232,Franciabigio (Francia),"(1485, 1497)",Franciabigio,328
232,Franciabigio (Francia),"(1535, 1547)",Franciabigio,328
233,"Cosimo, Andrea di (Andrea di Cosimo Feltrini)","(598, 604)",Andrea,330
233,"Cosimo, Andrea di (Andrea di Cosimo Feltrini)","(684, 762)","that good Andrea, so full of love and kindness for those who were studying art",330
233,"Cosimo, Andrea di (Andrea di Cosimo Feltrini)","(795, 801)",Andrea,330
233,"Cosimo, Andrea di (Andrea di Cosimo Feltrini)","(853, 856)",him,330
233,"Cosimo, Andrea di (Andrea di Cosimo Feltrini)","(944, 947)",him,330
233,"Cosimo, Andrea di (Andrea di Cosimo Feltrini)","(1341, 1343)",he,330
233,"Cosimo, Andrea di (Andrea di Cosimo Feltrini)","(1598, 1604)",Andrea,330
233,"Cosimo, Andrea di (Andrea di Cosimo Feltrini)","(1714, 1717)",him,330
233,"Cosimo, Andrea di (Andrea di Cosimo Feltrini)","(1764, 1767)",his,330
233,"Cosimo, Andrea di (Andrea di Cosimo Feltrini)","(1829, 1832)",his,330
233,"Cosimo, Andrea di (Andrea di Cosimo Feltrini)","(1857, 1859)",he,330
233,"Cosimo, Andrea di (Andrea di Cosimo Feltrini)","(1906, 1909)",his,330
233,"Cosimo, Andrea di (Andrea di Cosimo Feltrini)","(1956, 1959)",him,330
233,"Cosimo, Andrea di (Andrea di Cosimo Feltrini)","(2107, 2110)",his,330
233,Tribolo (Niccolï¿½),"(979, 986)",Tribolo,330
233,Tribolo (Niccolï¿½),"(1280, 1287)",Tribolo,330
238,"Calavrese, Marco (Marco Cardisco)","(0, 5)",Marco,332
238,"Calavrese, Marco (Marco Cardisco)","(60, 62)",he,332
238,"Calavrese, Marco (Marco Cardisco)","(70, 77)",himself,332
238,"Calavrese, Marco (Marco Cardisco)","(158, 161)",his,332
238,"Calavrese, Marco (Marco Cardisco)","(206, 208)",he,332
238,"Calavrese, Marco (Marco Cardisco)","(446, 448)",he,332
238,"Calavrese, Marco (Marco Cardisco)","(792, 794)",he,332
238,"Calavrese, Marco (Marco Cardisco)","(855, 860)",Marco,332
238,"Calavrese, Marco (Marco Cardisco)","(1010, 1012)",he,332
238,"Calavrese, Marco (Marco Cardisco)","(1079, 1086)",himself,332
238,"Calavrese, Marco (Marco Cardisco)","(1100, 1103)",his,332
238,"Calavrese, Marco (Marco Cardisco)","(1174, 1176)",he,332
238,"Calavrese, Marco (Marco Cardisco)","(1183, 1186)",his,332
238,"Calavrese, Marco (Marco Cardisco)","(1218, 1220)",He,332
238,"Calavrese, Marco (Marco Cardisco)","(1516, 1529)",Maestro Marco,332
238,"Calavrese, Marco (Marco Cardisco)","(1547, 1550)",him,332
238,"Calavrese, Marco (Marco Cardisco)","(1574, 1576)",He,332
239,"Matrice, Cola dalla (Niccola Filotesio)","(200, 203)",him,336
239,"Matrice, Cola dalla (Niccola Filotesio)","(299, 301)",he,336
239,"Matrice, Cola dalla (Niccola Filotesio)","(312, 315)",his,336
239,"Matrice, Cola dalla (Niccola Filotesio)","(382, 385)",his,336
239,"Matrice, Cola dalla (Niccola Filotesio)","(437, 440)",him,336
239,"Matrice, Cola dalla (Niccola Filotesio)","(455, 459)",Cola,336
239,"Matrice, Cola dalla (Niccola Filotesio)","(501, 504)",his,336
239,"Matrice, Cola dalla (Niccola Filotesio)","(575, 578)",his,336
239,"Matrice, Cola dalla (Niccola Filotesio)","(800, 811)",her husband,336
239,"Matrice, Cola dalla (Niccola Filotesio)","(1028, 1039)",her husband,336
239,"Matrice, Cola dalla (Niccola Filotesio)","(1232, 1243)",the husband,336
239,"Matrice, Cola dalla (Niccola Filotesio)","(1258, 1261)",him,336
239,"Matrice, Cola dalla (Niccola Filotesio)","(1367, 1379)",Maestro Cola,336
239,"Matrice, Cola dalla (Niccola Filotesio)","(1399, 1402)",his,336
239,"Matrice, Cola dalla (Niccola Filotesio)","(1524, 1552)","Maestro Cola, now an old man",336
239,"Matrice, Cola dalla (Niccola Filotesio)","(1592, 1595)",him,336
239,"Matrice, Cola dalla (Niccola Filotesio)","(1687, 1699)",Maestro Cola,336
239,"Matrice, Cola dalla (Niccola Filotesio)","(1719, 1722)",his,336
239,"Matrice, Cola dalla (Niccola Filotesio)","(1739, 1750)",This master,336
239,"Matrice, Cola dalla (Niccola Filotesio)","(1772, 1779)",himself,336
239,"Matrice, Cola dalla (Niccola Filotesio)","(1816, 1818)",he,336
239,"Matrice, Cola dalla (Niccola Filotesio)","(1833, 1836)",his,336
239,"Matrice, Cola dalla (Niccola Filotesio)","(1895, 1898)",him,336
239,"Matrice, Cola dalla (Niccola Filotesio)","(2002, 2004)",he,336
244,"Mazzuoli, Francesco (Parmigiano)","(0, 9)",Francesco,339
244,"Mazzuoli, Francesco (Parmigiano)","(58, 60)",he,339
244,"Mazzuoli, Francesco (Parmigiano)","(66, 69)",his,339
244,"Mazzuoli, Francesco (Parmigiano)","(82, 84)",he,339
244,"Mazzuoli, Francesco (Parmigiano)","(118, 120)",he,339
244,"Mazzuoli, Francesco (Parmigiano)","(169, 172)",his,339
244,"Mazzuoli, Francesco (Parmigiano)","(212, 215)",him,339
244,"Mazzuoli, Francesco (Parmigiano)","(258, 261)",him,339
244,"Mazzuoli, Francesco (Parmigiano)","(375, 377)",he,339
244,"Mazzuoli, Francesco (Parmigiano)","(444, 446)",he,339
244,"Mazzuoli, Francesco (Parmigiano)","(493, 496)",him,339
244,"Mazzuoli, Francesco (Parmigiano)","(500, 503)",his,339
244,"Mazzuoli, Francesco (Parmigiano)","(585, 588)",him,339
244,"Mazzuoli, Francesco (Parmigiano)","(658, 665)",the boy,339
244,"Mazzuoli, Francesco (Parmigiano)","(698, 701)",his,339
244,"Mazzuoli, Francesco (Parmigiano)","(716, 719)",him,339
244,"Mazzuoli, Francesco (Parmigiano)","(725, 728)",his,339
244,"Mazzuoli, Francesco (Parmigiano)","(919, 928)",the boy's,339
244,"Mazzuoli, Francesco (Parmigiano)","(997, 1000)",him,339
244,"Mazzuoli, Francesco (Parmigiano)","(1073, 1075)",he,339
244,"Mazzuoli, Francesco (Parmigiano)","(1143, 1145)",he,339
244,"Mazzuoli, Francesco (Parmigiano)","(1190, 1193)",his,339
244,"Mazzuoli, Francesco (Parmigiano)","(1230, 1233)",him,339
244,"Mazzuoli, Francesco (Parmigiano)","(1306, 1309)",his,339
244,"Mazzuoli, Francesco (Parmigiano)","(1344, 1347)",him,339
244,"Mazzuoli, Francesco (Parmigiano)","(1443, 1445)",he,339
244,"Mazzuoli, Francesco (Parmigiano)","(1485, 1488)",his,339
244,"Mazzuoli, Francesco (Parmigiano)","(1522, 1524)",he,339
244,"Mazzuoli, Francesco (Parmigiano)","(1776, 1785)",Francesco,339
244,"Mazzuoli, Francesco (Parmigiano)","(1802, 1805)",his,339
244,"Mazzuoli, Francesco (Parmigiano)","(1942, 1944)",he,339
244,"Mazzuoli, Francesco (Parmigiano)","(1977, 1979)",he,339
244,"Mazzuoli, Francesco (Parmigiano)","(2106, 2115)",Francesco,339
244,"Mazzuoli, Francesco (Parmigiano)","(2130, 2132)",he,339
244,"Mazzuoli, Francesco (Parmigiano)","(2182, 2185)",him,339
244,"Mazzuoli, Francesco (Parmigiano)","(2202, 2205)",his,339
244,"Mazzuoli, Francesco (Parmigiano)","(2368, 2377)",Francesco,339
245,"Mazzuoli, Francesco (Parmigiano)","(18, 27)",Francesco,341
245,"Mazzuoli, Francesco (Parmigiano)","(50, 53)",his,341
245,"Mazzuoli, Francesco (Parmigiano)","(106, 108)",he,341
245,"Mazzuoli, Francesco (Parmigiano)","(132, 135)",his,341
245,"Mazzuoli, Francesco (Parmigiano)","(200, 202)",he,341
245,"Mazzuoli, Francesco (Parmigiano)","(393, 395)",he,341
245,"Mazzuoli, Francesco (Parmigiano)","(527, 529)",he,341
245,"Mazzuoli, Francesco (Parmigiano)","(546, 548)",he,341
246,"Mazzuoli, Francesco (Parmigiano)","(201, 203)",he,342
246,"Mazzuoli, Francesco (Parmigiano)","(214, 217)",his,342
246,"Mazzuoli, Francesco (Parmigiano)","(237, 240)",his,342
246,"Mazzuoli, Francesco (Parmigiano)","(358, 360)",he,342
246,"Mazzuoli, Francesco (Parmigiano)","(402, 405)",him,342
246,"Mazzuoli, Francesco (Parmigiano)","(419, 422)",him,342
246,"Mazzuoli, Francesco (Parmigiano)","(436, 439)",his,342
246,"Mazzuoli, Francesco (Parmigiano)","(481, 484)",him,342
246,"Mazzuoli, Francesco (Parmigiano)","(538, 541)",his,342
246,"Mazzuoli, Francesco (Parmigiano)","(589, 598)",Francesco,342
246,"Mazzuoli, Francesco (Parmigiano)","(604, 606)",he,342
246,"Mazzuoli, Francesco (Parmigiano)","(936, 938)",he,342
246,"Mazzuoli, Francesco (Parmigiano)","(943, 950)",himself,342
246,"Mazzuoli, Francesco (Parmigiano)","(967, 970)",his,342
246,"Mazzuoli, Francesco (Parmigiano)","(996, 1003)",himself,342
246,"Mazzuoli, Francesco (Parmigiano)","(1282, 1285)",him,342
246,"Mazzuoli, Francesco (Parmigiano)","(1295, 1302)",himself,342
246,"Mazzuoli, Francesco (Parmigiano)","(1343, 1345)",he,342
246,"Mazzuoli, Francesco (Parmigiano)","(1526, 1528)",he,342
246,"Mazzuoli, Francesco (Parmigiano)","(1564, 1567)",his,342
246,"Mazzuoli, Francesco (Parmigiano)","(1584, 1586)",he,342
246,"Mazzuoli, Francesco (Parmigiano)","(1763, 1765)",he,342
246,"Mazzuoli, Francesco (Parmigiano)","(1880, 1883)",his,342
246,"Mazzuoli, Francesco (Parmigiano)","(1904, 1913)",Francesco,342
246,"Mazzuoli, Francesco (Parmigiano)","(2030, 2033)",his,342
246,"Mazzuoli, Francesco (Parmigiano)","(2115, 2117)",he,342
247,"Mazzuoli, Francesco (Parmigiano)","(48, 51)",his,343
247,"Mazzuoli, Francesco (Parmigiano)","(218, 220)",he,343
247,"Mazzuoli, Francesco (Parmigiano)","(226, 229)",his,343
247,"Mazzuoli, Francesco (Parmigiano)","(363, 376)",the young man,343
247,"Mazzuoli, Francesco (Parmigiano)","(381, 384)",his,343
247,"Mazzuoli, Francesco (Parmigiano)","(482, 491)",Francesco,343
247,"Mazzuoli, Francesco (Parmigiano)","(599, 602)",him,343
247,"Mazzuoli, Francesco (Parmigiano)","(650, 653)",him,343
247,"Mazzuoli, Francesco (Parmigiano)","(807, 810)",his,343
247,"Mazzuoli, Francesco (Parmigiano)","(910, 919)",Francesco,343
247,"Mazzuoli, Francesco (Parmigiano)","(958, 960)",he,343
247,"Mazzuoli, Francesco (Parmigiano)","(981, 984)",him,343
247,"Mazzuoli, Francesco (Parmigiano)","(1021, 1023)",he,343
247,"Mazzuoli, Francesco (Parmigiano)","(1631, 1633)",he,343
247,"Mazzuoli, Francesco (Parmigiano)","(2456, 2465)",Francesco,343
247,"Mazzuoli, Francesco (Parmigiano)","(2491, 2493)",he,343
247,"Mazzuoli, Francesco (Parmigiano)","(2498, 2505)",himself,343
247,"Mazzuoli, Francesco (Parmigiano)","(2810, 2819)",Francesco,343
247,"Mazzuoli, Francesco (Parmigiano)","(2848, 2861)",the young man,343
247,"Mazzuoli, Francesco (Parmigiano)","(2905, 2908)",his,343
247,"Mazzuoli, Francesco (Parmigiano)","(2977, 2986)",Francesco,343
247,"Mazzuoli, Francesco (Parmigiano)","(3112, 3114)",he,343
247,"Mazzuoli, Francesco (Parmigiano)","(3326, 3329)",him,343
247,"Mazzuoli, Francesco (Parmigiano)","(3422, 3424)",He,343
247,"Sanzio, Raffaello (Raffaello da Urbino)","(2656, 2675)",Raffaello da Urbino,343
247,"Sanzio, Raffaello (Raffaello da Urbino)","(2767, 2781)",that Raffaello,343
247,"Sanzio, Raffaello (Raffaello da Urbino)","(2922, 2931)",Raffaello,343
247,"Sanzio, Raffaello (Raffaello da Urbino)","(3005, 3008)",him,343
248,"Mazzuoli, Francesco (Parmigiano)","(20, 31)",this master,345
248,"Mazzuoli, Francesco (Parmigiano)","(144, 239)","Francesco, who may be said to have made, not a portrait, but a living figure of flesh and blood",345
248,"Mazzuoli, Francesco (Parmigiano)","(422, 431)",Francesco,345
248,"Mazzuoli, Francesco (Parmigiano)","(537, 539)",he,345
249,"Mazzuoli, Francesco (Parmigiano)","(4, 6)",he,346
249,"Mazzuoli, Francesco (Parmigiano)","(218, 227)",Francesco,346
249,"Mazzuoli, Francesco (Parmigiano)","(274, 277)",his,346
249,"Mazzuoli, Francesco (Parmigiano)","(320, 322)",he,346
249,"Mazzuoli, Francesco (Parmigiano)","(340, 343)",his,346
249,"Mazzuoli, Francesco (Parmigiano)","(433, 436)",his,346
249,"Mazzuoli, Francesco (Parmigiano)","(438, 440)",he,346
249,"Mazzuoli, Francesco (Parmigiano)","(459, 462)",his,346
249,"Mazzuoli, Francesco (Parmigiano)","(538, 541)",him,346
249,"Mazzuoli, Francesco (Parmigiano)","(550, 553)",him,346
249,"Mazzuoli, Francesco (Parmigiano)","(674, 677)",him,346
249,"Mazzuoli, Francesco (Parmigiano)","(870, 879)",Francesco,346
249,"Mazzuoli, Francesco (Parmigiano)","(989, 991)",he,346
249,"Mazzuoli, Francesco (Parmigiano)","(1029, 1031)",he,346
249,"Mazzuoli, Francesco (Parmigiano)","(1186, 1189)",his,346
249,"Mazzuoli, Francesco (Parmigiano)","(1258, 1267)",Francesco,346
249,"Mazzuoli, Francesco (Parmigiano)","(1337, 1339)",he,346
249,"Mazzuoli, Francesco (Parmigiano)","(1428, 1430)",he,346
249,"Mazzuoli, Francesco (Parmigiano)","(1452, 1455)",his,346
249,"Mazzuoli, Francesco (Parmigiano)","(1525, 1534)",Francesco,346
249,"Mazzuoli, Francesco (Parmigiano)","(1538, 1541)",his,346
249,"Mazzuoli, Francesco (Parmigiano)","(1694, 1697)",him,346
249,"Mazzuoli, Francesco (Parmigiano)","(1727, 1736)",Francesco,346
249,"Mazzuoli, Francesco (Parmigiano)","(1740, 1743)",his,346
249,"Mazzuoli, Francesco (Parmigiano)","(1751, 1754)",his,346
249,"Mazzuoli, Francesco (Parmigiano)","(1772, 1779)",himself,346
249,"Mazzuoli, Francesco (Parmigiano)","(1818, 1820)",he,346
249,"Mazzuoli, Francesco (Parmigiano)","(2168, 2171)",his,346
249,"Mazzuoli, Francesco (Parmigiano)","(2214, 2223)",Francesco,346
249,"Mazzuoli, Francesco (Parmigiano)","(2280, 2283)",him,346
249,"Mazzuoli, Francesco (Parmigiano)","(2303, 2305)",he,346
249,"Mazzuoli, Francesco (Parmigiano)","(2442, 2444)",He,346
249,"Mazzuoli, Francesco (Parmigiano)","(2538, 2541)",him,346
249,"Mazzuoli, Francesco (Parmigiano)","(2594, 2596)",he,346
249,"Mazzuoli, Francesco (Parmigiano)","(2659, 2661)",he,346
249,"Mazzuoli, Francesco (Parmigiano)","(2680, 2683)",his,346
249,"Mazzuoli, Francesco (Parmigiano)","(2779, 2782)",his,346
249,"Mazzuoli, Francesco (Parmigiano)","(2905, 2907)",he,346
249,"Mazzuoli, Francesco (Parmigiano)","(3235, 3237)",he,346
249,"Mazzuoli, Francesco (Parmigiano)","(3283, 3285)",he,346
249,"Mazzuoli, Francesco (Parmigiano)","(3491, 3500)",Francesco,346
249,"Mazzuoli, Francesco (Parmigiano)","(3546, 3548)",He,346
249,"Mazzuoli, Francesco (Parmigiano)","(3693, 3696)",his,346
249,"Mazzuoli, Francesco (Parmigiano)","(3716, 3718)",he,346
249,"Mazzuoli, Francesco (Parmigiano)","(3858, 3860)",He,346
250,"Mazzuoli, Francesco (Parmigiano)","(35, 44)",Francesco,349
250,"Mazzuoli, Francesco (Parmigiano)","(116, 119)",him,349
250,"Mazzuoli, Francesco (Parmigiano)","(123, 126)",his,349
250,"Mazzuoli, Francesco (Parmigiano)","(169, 172)",him,349
250,"Mazzuoli, Francesco (Parmigiano)","(237, 239)",he,349
250,"Mazzuoli, Francesco (Parmigiano)","(373, 382)",Francesco,349
250,"Mazzuoli, Francesco (Parmigiano)","(531, 533)",he,349
250,"Mazzuoli, Francesco (Parmigiano)","(583, 586)",his,349
250,"Mazzuoli, Francesco (Parmigiano)","(601, 603)",he,349
250,"Mazzuoli, Francesco (Parmigiano)","(616, 619)",his,349
250,"Mazzuoli, Francesco (Parmigiano)","(722, 724)",he,349
250,"Mazzuoli, Francesco (Parmigiano)","(892, 894)",he,349
250,"Mazzuoli, Francesco (Parmigiano)","(1052, 1054)",he,349
250,"Mazzuoli, Francesco (Parmigiano)","(1438, 1447)",Francesco,349
250,"Trento, Antonio da (Antonio Fantuzzi)","(63, 135)","the aforesaid Antonio da Trento, who was living with him as his engraver",349
250,"Trento, Antonio da (Antonio Fantuzzi)","(255, 257)",he,349
250,"Trento, Antonio da (Antonio Fantuzzi)","(331, 334)",him,349
250,"Trento, Antonio da (Antonio Fantuzzi)","(398, 405)",Antonio,349
250,"Trento, Antonio da (Antonio Fantuzzi)","(497, 500)",his,349
251,"Mazzuoli, Francesco (Parmigiano)","(0, 15)",The same master,350
251,"Mazzuoli, Francesco (Parmigiano)","(310, 322)",this painter,350
251,"Mazzuoli, Francesco (Parmigiano)","(324, 326)",He,350
251,"Mazzuoli, Francesco (Parmigiano)","(576, 578)",he,350
251,"Mazzuoli, Francesco (Parmigiano)","(660, 662)",He,350
251,"Mazzuoli, Francesco (Parmigiano)","(973, 1060)","Francesco, who went several times to see him at table, but without drawing his portrait",350
251,"Mazzuoli, Francesco (Parmigiano)","(1135, 1137)",he,350
251,"Mazzuoli, Francesco (Parmigiano)","(1327, 1329)",he,350
251,"Mazzuoli, Francesco (Parmigiano)","(1401, 1410)",Francesco,350
251,"Mazzuoli, Francesco (Parmigiano)","(1588, 1597)",Francesco,350
251,"Mazzuoli, Francesco (Parmigiano)","(1750, 1759)",Francesco,350
251,"Mazzuoli, Francesco (Parmigiano)","(1788, 1790)",he,350
251,"Mazzuoli, Francesco (Parmigiano)","(2100, 2103)",his,350
251,"Mazzuoli, Francesco (Parmigiano)","(2151, 2153)",he,350
251,"Mazzuoli, Francesco (Parmigiano)","(2252, 2261)",Francesco,350
251,"Mazzuoli, Francesco (Parmigiano)","(2283, 2286)",his,350
251,"Mazzuoli, Francesco (Parmigiano)","(2358, 2360)",he,350
251,"Mazzuoli, Francesco (Parmigiano)","(2594, 2596)",he,350
251,"Mazzuoli, Francesco (Parmigiano)","(2767, 2769)",he,350
251,"Mazzuoli, Francesco (Parmigiano)","(2852, 2854)",he,350
251,"Mazzuoli, Francesco (Parmigiano)","(2868, 2871)",his,350
251,"Mazzuoli, Francesco (Parmigiano)","(2891, 2898)",himself,350
252,"Mazzuoli, Francesco (Parmigiano)","(18, 20)",he,353
252,"Mazzuoli, Francesco (Parmigiano)","(525, 536)",Francesco's,353
252,"Mazzuoli, Francesco (Parmigiano)","(779, 794)",the same master,353
252,"Mazzuoli, Francesco (Parmigiano)","(913, 922)",Francesco,353
252,"Mazzuoli, Francesco (Parmigiano)","(1041, 1043)",he,353
252,"Mazzuoli, Francesco (Parmigiano)","(1154, 1156)",he,353
252,"Mazzuoli, Francesco (Parmigiano)","(1420, 1422)",he,353
252,"Mazzuoli, Francesco (Parmigiano)","(1506, 1509)",his,353
253,"Mazzuoli, Francesco (Parmigiano)","(10, 19)",Francesco,354
253,"Mazzuoli, Francesco (Parmigiano)","(125, 127)",he,354
253,"Mazzuoli, Francesco (Parmigiano)","(174, 176)",he,354
253,"Mazzuoli, Francesco (Parmigiano)","(244, 247)",his,354
253,"Mazzuoli, Francesco (Parmigiano)","(286, 288)",he,354
253,"Mazzuoli, Francesco (Parmigiano)","(361, 364)",his,354
253,"Mazzuoli, Francesco (Parmigiano)","(467, 469)",he,354
253,"Mazzuoli, Francesco (Parmigiano)","(477, 480)",his,354
253,"Mazzuoli, Francesco (Parmigiano)","(577, 580)",him,354
253,"Mazzuoli, Francesco (Parmigiano)","(608, 610)",he,354
253,"Mazzuoli, Francesco (Parmigiano)","(736, 738)",he,354
253,"Mazzuoli, Francesco (Parmigiano)","(751, 758)",himself,354
253,"Mazzuoli, Francesco (Parmigiano)","(878, 880)",he,354
253,"Mazzuoli, Francesco (Parmigiano)","(943, 946)",him,354
253,"Mazzuoli, Francesco (Parmigiano)","(957, 960)",his,354
253,"Mazzuoli, Francesco (Parmigiano)","(1007, 1010)",him,354
253,"Mazzuoli, Francesco (Parmigiano)","(1055, 1057)",he,354
253,"Mazzuoli, Francesco (Parmigiano)","(1168, 1171)",his,354
253,"Mazzuoli, Francesco (Parmigiano)","(1178, 1180)",he,354
253,"Mazzuoli, Francesco (Parmigiano)","(1317, 1319)",he,354
253,"Mazzuoli, Francesco (Parmigiano)","(1354, 1356)",he,354
253,"Mazzuoli, Francesco (Parmigiano)","(1462, 1465)",his,354
253,"Mazzuoli, Francesco (Parmigiano)","(1564, 1567)",his,354
253,"Mazzuoli, Francesco (Parmigiano)","(1855, 1858)",his,354
253,"Mazzuoli, Francesco (Parmigiano)","(1877, 1880)",his,354
253,"Mazzuoli, Francesco (Parmigiano)","(2088, 2091)",his,354
253,"Mazzuoli, Francesco (Parmigiano)","(2104, 2113)",Francesco,354
253,"Mazzuoli, Francesco (Parmigiano)","(2253, 2256)",him,354
253,"Mazzuoli, Francesco (Parmigiano)","(2299, 2301)",he,354
253,"Mazzuoli, Francesco (Parmigiano)","(2371, 2374)",him,354
253,"Mazzuoli, Francesco (Parmigiano)","(2421, 2423)",He,354
253,"Mazzuoli, Francesco (Parmigiano)","(2548, 2550)",he,354
253,"Mazzuoli, Francesco (Parmigiano)","(2572, 2574)",he,354
253,"Mazzuoli, Francesco (Parmigiano)","(2624, 2627)",his,354
253,"Mazzuoli, Francesco (Parmigiano)","(2636, 2638)",He,354
253,"Mazzuoli, Francesco (Parmigiano)","(2662, 2665)",his,354
253,"Mazzuoli, Francesco (Parmigiano)","(2775, 2778)",his,354
253,"Mazzuoli, Francesco (Parmigiano)","(2811, 2813)",he,354
254,"Mazzuoli, Francesco (Parmigiano)","(0, 9)",Francesco,357
254,"Mazzuoli, Francesco (Parmigiano)","(95, 97)",he,357
254,"Mazzuoli, Francesco (Parmigiano)","(168, 170)",he,357
254,"Mazzuoli, Francesco (Parmigiano)","(248, 250)",he,357
254,"Mazzuoli, Francesco (Parmigiano)","(743, 838)","Francesco, who had from nature a spirit of great vivacity, with a beautiful and graceful manner",357
254,"Mazzuoli, Francesco (Parmigiano)","(893, 895)",he,357
254,"Mazzuoli, Francesco (Parmigiano)","(951, 953)",he,357
254,"Mazzuoli, Francesco (Parmigiano)","(1014, 1017)",his,357
254,"Mazzuoli, Francesco (Parmigiano)","(1028, 1030)",he,357
254,"Mazzuoli, Francesco (Parmigiano)","(1052, 1055)",his,357
254,"Mazzuoli, Francesco (Parmigiano)","(1122, 1125)",his,357
255,"Mazzuoli, Girolamo","(75, 82)",himself,358
255,"Mazzuoli, Girolamo","(141, 144)",his,358
255,"Mazzuoli, Girolamo","(195, 197)",he,358
255,"Mazzuoli, Girolamo","(241, 243)",he,358
255,"Mazzuoli, Girolamo","(262, 264)",he,358
255,"Mazzuoli, Girolamo","(373, 375)",he,358
255,"Mazzuoli, Girolamo","(466, 468)",he,358
255,"Mazzuoli, Girolamo","(640, 642)",he,358
255,"Mazzuoli, Girolamo","(871, 873)",he,358
255,"Mazzuoli, Girolamo","(1103, 1111)",Girolamo,358
255,"Mazzuoli, Girolamo","(1287, 1302)",The same master,358
255,"Mazzuoli, Girolamo","(1570, 1572)",he,358
255,"Mazzuoli, Girolamo","(1779, 1781)",he,358
255,"Mazzuoli, Girolamo","(1881, 1884)",his,358
255,"Mazzuoli, Girolamo","(1910, 1912)",he,358
255,"Mazzuoli, Girolamo","(2016, 2018)",he,358
255,"Mazzuoli, Girolamo","(2213, 2215)",he,358
255,"Mazzuoli, Girolamo","(2963, 2965)",he,358
255,"Mazzuoli, Girolamo","(3071, 3073)",He,358
255,"Mazzuoli, Girolamo","(3420, 3431)",This master,358
255,"Mazzuoli, Girolamo","(3478, 3481)",his,358
255,"Mazzuoli, Girolamo","(3568, 3570)",he,358
255,"Mazzuoli, Girolamo","(3615, 3618)",his,358
255,"Mazzuoli, Girolamo","(3659, 3661)",he,358
256,"Mazzuoli, Francesco (Parmigiano)","(16, 48)",the aforesaid Francesco Mazzuoli,361
256,"Mazzuoli, Francesco (Parmigiano)","(181, 190)",Francesco,361
260,"Palma, Jacopo (Palma Vecchio)","(0, 5)",Palma,363
260,"Palma, Jacopo (Palma Vecchio)","(35, 38)",his,363
260,"Palma, Jacopo (Palma Vecchio)","(117, 119)",he,363
260,"Palma, Jacopo (Palma Vecchio)","(237, 239)",he,363
260,"Palma, Jacopo (Palma Vecchio)","(473, 475)",he,363
260,"Palma, Jacopo (Palma Vecchio)","(680, 682)",he,363
260,"Palma, Jacopo (Palma Vecchio)","(914, 919)",Palma,363
260,"Palma, Jacopo (Palma Vecchio)","(1142, 1154)",this painter,363
260,"Palma, Jacopo (Palma Vecchio)","(1170, 1185)",The same master,363
260,"Palma, Jacopo (Palma Vecchio)","(1353, 1358)",Palma,363
260,"Palma, Jacopo (Palma Vecchio)","(1714, 1719)",Palma,363
260,"Palma, Jacopo (Palma Vecchio)","(2970, 2982)",Jacopo Palma,363
260,"Palma, Jacopo (Palma Vecchio)","(3703, 3709)",Jacopo,363
260,"Palma, Jacopo (Palma Vecchio)","(3774, 3777)",his,363
260,"Palma, Jacopo (Palma Vecchio)","(3806, 3808)",he,363
260,"Palma, Jacopo (Palma Vecchio)","(3847, 3849)",he,363
261,"Palma, Jacopo (Palma Vecchio)","(43, 54)",this master,364
261,"Palma, Jacopo (Palma Vecchio)","(161, 163)",he,364
261,"Palma, Jacopo (Palma Vecchio)","(169, 172)",his,364
261,"Palma, Jacopo (Palma Vecchio)","(210, 217)",himself,364
261,"Palma, Jacopo (Palma Vecchio)","(259, 262)",him,364
261,"Palma, Jacopo (Palma Vecchio)","(380, 385)",Palma,364
261,"Palma, Jacopo (Palma Vecchio)","(423, 425)",he,364
261,"Palma, Jacopo (Palma Vecchio)","(1240, 1245)",Palma,364
261,"Palma, Jacopo (Palma Vecchio)","(1274, 1276)",he,364
261,"Palma, Jacopo (Palma Vecchio)","(1305, 1308)",him,364
261,"Palma, Jacopo (Palma Vecchio)","(1429, 1432)",his,364
261,"Palma, Jacopo (Palma Vecchio)","(1447, 1450)",him,364
261,"Palma, Jacopo (Palma Vecchio)","(1523, 1525)",he,364
261,"Palma, Jacopo (Palma Vecchio)","(1536, 1538)",he,364
261,"Palma, Jacopo (Palma Vecchio)","(1591, 1594)",him,364
261,"Palma, Jacopo (Palma Vecchio)","(1683, 1686)",him,364
261,"Palma, Jacopo (Palma Vecchio)","(1743, 1746)",him,364
261,"Palma, Jacopo (Palma Vecchio)","(1748, 1750)",he,364
262,"Lotto, Lorenzo","(142, 149)",himself,365
262,"Lotto, Lorenzo","(360, 367)",Lorenzo,365
262,"Lotto, Lorenzo","(781, 796)",the same master,365
262,"Lotto, Lorenzo","(1286, 1293)",Lorenzo,365
263,"Lotto, Lorenzo","(6, 18)",this painter,366
263,"Lotto, Lorenzo","(109, 111)",he,366
263,"Lotto, Lorenzo","(1777, 1784)",Lorenzo,366
263,"Lotto, Lorenzo","(1979, 1986)",Lorenzo,366
263,"Lotto, Lorenzo","(2237, 2240)",his,366
263,"Lotto, Lorenzo","(2248, 2255)",Lorenzo,366
263,"Lotto, Lorenzo","(2261, 2264)",his,366
263,"Lotto, Lorenzo","(2369, 2371)",he,366
263,"Lotto, Lorenzo","(2521, 2524)",his,366
263,"Lotto, Lorenzo","(2589, 2592)",his,366
263,"Lotto, Lorenzo","(2605, 2607)",he,366
263,"Lotto, Lorenzo","(2612, 2615)",his,366
263,"Lotto, Lorenzo","(2745, 2747)",he,366
263,"Lotto, Lorenzo","(3063, 3065)",he,366
265,"Ravenna, Rondinello da (Niccolï¿½ Rondinello)","(164, 166)",he,370
265,"Ravenna, Rondinello da (Niccolï¿½ Rondinello)","(205, 220)",This Rondinello,370
265,"Ravenna, Rondinello da (Niccolï¿½ Rondinello)","(266, 269)",his,370
265,"Ravenna, Rondinello da (Niccolï¿½ Rondinello)","(318, 320)",he,370
265,"Ravenna, Rondinello da (Niccolï¿½ Rondinello)","(505, 507)",he,370
265,"Ravenna, Rondinello da (Niccolï¿½ Rondinello)","(527, 530)",his,370
265,"Ravenna, Rondinello da (Niccolï¿½ Rondinello)","(599, 601)",he,370
265,"Ravenna, Rondinello da (Niccolï¿½ Rondinello)","(816, 818)",He,370
265,"Ravenna, Rondinello da (Niccolï¿½ Rondinello)","(985, 987)",he,370
265,"Ravenna, Rondinello da (Niccolï¿½ Rondinello)","(1095, 1097)",he,370
265,"Ravenna, Rondinello da (Niccolï¿½ Rondinello)","(1428, 1430)",he,370
265,"Ravenna, Rondinello da (Niccolï¿½ Rondinello)","(1814, 1817)",his,370
265,"Ravenna, Rondinello da (Niccolï¿½ Rondinello)","(1936, 1938)",he,370
265,"Ravenna, Rondinello da (Niccolï¿½ Rondinello)","(2119, 2121)",he,370
265,"Ravenna, Rondinello da (Niccolï¿½ Rondinello)","(2385, 2387)",he,370
265,"Ravenna, Rondinello da (Niccolï¿½ Rondinello)","(2455, 2457)",he,370
265,"Ravenna, Rondinello da (Niccolï¿½ Rondinello)","(2501, 2504)",his,370
265,"Ravenna, Rondinello da (Niccolï¿½ Rondinello)","(2514, 2516)",he,370
265,"Ravenna, Rondinello da (Niccolï¿½ Rondinello)","(2592, 2602)",Rondinello,370
265,"Ravenna, Rondinello da (Niccolï¿½ Rondinello)","(2672, 2683)",This master,370
265,"Ravenna, Rondinello da (Niccolï¿½ Rondinello)","(2696, 2699)",him,370
265,"Cotignola, Francesco da (Francesco de' Zaganelli","(2700, 2798)","Francesco da Cotignola, a painter likewise held in estimation in that city, who painted many works",370
265,"Cotignola, Francesco da (Francesco de' Zaganelli","(3195, 3204)",Francesco,370
265,"Cotignola, Francesco da (Francesco de' Zaganelli","(3399, 3401)",he,370
265,"Cotignola, Francesco da (Francesco de' Zaganelli","(3496, 3498)",he,370
265,"Cotignola, Francesco da (Francesco de' Zaganelli","(3622, 3624)",he,370
265,"Cotignola, Francesco da (Francesco de' Zaganelli","(3678, 3680)",he,370
265,"Cotignola, Francesco da (Francesco de' Zaganelli","(3965, 3967)",he,370
266,"Cotignola, Francesco da (Francesco de' Zaganelli","(0, 9)",Francesco,372
266,"Cotignola, Francesco da (Francesco de' Zaganelli","(90, 92)",he,372
266,"Cotignola, Francesco da (Francesco de' Zaganelli","(151, 153)",He,372
266,"Cotignola, Francesco da (Francesco de' Zaganelli","(179, 182)",his,372
266,"Cotignola, Francesco da (Francesco de' Zaganelli","(217, 219)",he,372
266,"Cotignola, Francesco da (Francesco de' Zaganelli","(269, 272)",his,372
266,"Cotignola, Francesco da (Francesco de' Zaganelli","(287, 289)",he,372
266,"Cotignola, Francesco da (Francesco de' Zaganelli","(342, 344)",he,372
